time;cc;earfcn;pci;rsrp;pl;cfo;pci_neigh;rsrp_neigh;cfo_neigh;dl_mcs;dl_snr;dl_turbo;dl_brate;dl_bler;ul_ta;distance_km;speed_kmph;ul_mcs;ul_buff;ul_brate;ul_bler;rf_o;rf_u;rf_l;is_attached;proc_rmem;proc_rmem_kB;proc_vmem_kB;sys_mem;sys_load;thread_count;cpu_0;cpu_1;cpu_2;cpu_3
19;0;4294967295;0;0.0;0.0;0.0;n/a;n/a;n/a;0.0;0.0;0.0;0.0;0.0;0.0;0.0;0.0;0.0;0.0;0.0;0.0;0.0;0.0;0.0;0.0;10;821592;1439828;63;0.0;21;0.0;0.0;0.0;47
41;0;4294967295;0;0.0;0.0;0.0;n/a;n/a;n/a;0.0;0.0;0.0;0.0;0.0;0.0;0.0;0.0;0.0;0.0;0.0;0.0;0.0;0.0;0.0;0.0;10;821592;1439828;63;0.0;21;55;55;55;9.1
58;0;4294967295;0;0.0;0.0;0.0;n/a;n/a;n/a;0.0;0.0;0.0;0.0;0.0;0.0;0.0;0.0;0.0;0.0;0.0;0.0;0.0;0.0;0.0;0.0;10;821592;1439828;63;0.0;21;0.0;0.0;0.0;41
77;0;4294967295;0;0.0;0.0;0.0;n/a;n/a;n/a;0.0;0.0;0.0;0.0;0.0;0.0;0.0;0.0;0.0;0.0;0.0;0.0;0.0;0.0;0.0;0.0;10;821592;1439828;63;0.0;21;0.0;0.0;0.0;0.0
96;0;3350;0;0.0;0.0;0.0;n/a;n/a;n/a;0.0;0.0;0.0;0.0;0.0;0.0;0.0;0.0;0.0;0.0;0.0;0.0;0.0;0.0;0.0;0.0;10;821592;1439828;63;6.3;21;14;10;9.1;20
96;0;3350;0;0.0;0.0;0.0;n/a;n/a;n/a;0.0;0.0;0.0;0.0;0.0;0.0;0.0;0.0;0.0;0.0;0.0;0.0;0.0;0.0;0.0;0.0;10;821592;1570900;63;3.0;21;15;15;15;27
96;0;3350;1;0.0;0.0;0.0;n/a;n/a;n/a;0.0;0.0;0.0;0.0;0.0;0.0;0.0;0.0;0.0;0.0;0.0;0.0;0.0;0.0;0.0;0.0;11;835844;1505364;64;17;21;31;66;31;31
96;0;3350;1;0.0;0.0;0.0;n/a;n/a;n/a;0.0;0.0;0.0;0.0;0.0;0.0;0.0;0.0;0.0;0.0;0.0;0.0;0.0;0.0;0.0;0.0;0.0;0;0;0.0;0.0;0;0.0;0.0;0.0;0.0
109;0;3350;1;-85;85;325;n/a;n/a;n/a;0.0;8.8;0.0;0.0;0.0;0.0;0.0;0.0;0.0;0.0;0.0;0.0;0.0;0.0;0.0;0.0;11;835844;1505364;64;0.0;21;29;29;29;29
128;0;3350;1;-87;87;514;n/a;n/a;n/a;0.0;9.3;0.0;0.0;0.0;0.0;0.0;0.0;0.0;0.0;0.0;0.0;0.0;0.0;0.0;0.0;11;835844;1570900;64;12;21;0.0;50;0.0;0.0
147;0;3350;1;-86;86;573;n/a;n/a;n/a;15;9.3;1.0;45200.000000;0;0.0;0.0;0.0;0.0;0.0;0.0;0.0;0.0;0.0;0.0;0.0;11;835844;1570900;64;13;21;0.0;0.0;47;0.0
166;0;3350;1;-86;86;579;n/a;n/a;n/a;0.0;10;0.0;0.0;0.0;0.0;0.0;0.0;0.0;0.0;0.0;0.0;0.0;0.0;0.0;0.0;11;835844;1636436;64;13;21;47;0.0;0.0;47
185;0;3350;1;-86;86;578;n/a;n/a;n/a;0.0;10;0.0;0.0;0.0;0.0;0.0;0.0;0.0;0.0;0.0;0.0;0.0;0.0;0.0;0.0;11;835844;1636436;64;13;21;47;47;47;47
204;0;3350;1;-87;87;576;n/a;n/a;n/a;0.0;12;0.0;0.0;0.0;0.0;0.0;0.0;0.0;0.0;0.0;0.0;0.0;0.0;0.0;0.0;11;835844;1636436;64;12;21;0.0;0.0;0.0;0.0
223;0;3350;1;-87;87;579;n/a;n/a;n/a;0.0;11;0.0;0.0;0.0;0.0;0.0;0.0;0.0;0.0;0.0;0.0;0.0;0.0;0.0;0.0;11;835844;1636436;64;0.0;21;0.0;0.0;0.0;50
242;0;3350;1;-86;86;573;n/a;n/a;n/a;0.0;10;0.0;0.0;0.0;0.0;0.0;0.0;0.0;0.0;0.0;0.0;0.0;0.0;0.0;0.0;11;835844;1636436;64;0.0;21;0.0;47;47;0.0
261;0;3350;1;-87;87;573;n/a;n/a;n/a;0.0;11;0.0;0.0;0.0;0.0;0.0;0.0;0.0;0.0;0.0;0.0;0.0;0.0;0.0;0.0;11;835844;1636436;64;13;21;47;0.0;0.0;0.0
280;0;3350;1;-86;86;578;n/a;n/a;n/a;0.0;9.4;0.0;0.0;0.0;0.0;0.0;0.0;0.0;0.0;0.0;0.0;0.0;0.0;0.0;0.0;11;835844;1636436;64;13;21;0.0;0.0;0.0;0.0
299;0;3350;1;-84;84;564;n/a;n/a;n/a;0.0;8.5;0.0;0.0;0.0;0.0;0.0;0.0;0.0;0.0;0.0;0.0;0.0;0.0;0.0;0.0;11;835844;1636436;64;12;21;100;0.0;0.0;0.0
318;0;3350;1;-86;86;572;n/a;n/a;n/a;7.0;8.5;1.0;16400.000000;0;0.0;0.0;0.0;0.0;6.0;0.0;0.0;0.0;0.0;0.0;0.0;11;835844;1701972;64;0.0;21;100;0.0;0.0;0.0
337;0;3350;1;-87;87;574;n/a;n/a;n/a;2.7;8.1;1.0;12800.000000;0;0.52;0.078;0.0;0.0;42;2800.000000;0;0.0;0.0;0.0;1.0;11;837688;1701972;64;13;21;0.0;47;47;47
356;0;3350;1;-87;87;577;n/a;n/a;n/a;0.0;7.8;1.0;2800.000000;0;0.52;0.078;0.0;0.0;0.0;62800.000000;0;0.0;0.0;0.0;1.0;11;837688;1701972;64;26;21;100;47;100;47
375;0;3350;1;-87;87;568;n/a;n/a;n/a;2.0;7.7;1.0;7200.000000;0;0.52;0.078;0.0;0.0;11;0.0;0.0;0.0;0.0;0.0;1.0;11;837688;1701972;64;12;21;0.0;0.0;50;0.0
394;0;3350;1;-88;88;567;n/a;n/a;n/a;0.0;8.7;1.0;7600.000000;0;0.52;0.078;0.0;22;0.0;206800.000000;0;0.0;0.0;0.0;1.0;11;837688;1701972;64;25;21;0.0;50;50;0.0
413;0;3350;1;-87;87;568;n/a;n/a;n/a;0.0;8.3;1.0;2800.000000;0;0.52;0.078;0.0;0.0;24;0.0;0.0;0.0;0.0;0.0;1.0;11;837688;1701972;64;13;21;47;0.0;0.0;0.0
432;0;3350;1;-87;87;575;n/a;n/a;n/a;0.0;7.6;0.0;0.0;0.0;0.52;0.078;0.0;0.0;24;0.0;0.0;0.0;0.0;0.0;1.0;11;837688;1701972;64;13;21;0.0;0.0;47;47
451;0;3350;1;-87;87;577;n/a;n/a;n/a;2.0;6.5;1.0;7200.000000;0;0.52;0.078;0.0;0.0;24;0.0;0.0;0.0;0.0;0.0;1.0;11;837688;1701972;64;25;21;50;50;50;0.0
470;0;3350;1;-86;86;564;n/a;n/a;n/a;0.0;7.1;0.0;0.0;0.0;0.52;0.078;0.0;0.0;24;0.0;0.0;0.0;0.0;0.0;1.0;11;837688;1701972;64;13;21;0.0;0.0;47;0.0
489;0;3350;1;-88;88;572;n/a;n/a;n/a;0.0;8.4;1.0;7600.000000;0;0.52;0.078;0.0;0.0;24;0.0;0.0;0.0;0.0;0.0;1.0;11;837688;1701972;64;26;21;0.0;0.0;47;0.0
508;0;3350;1;-87;87;576;n/a;n/a;n/a;0.0;9.0;1.0;63600.000000;0;0.52;0.078;0.0;22;0.0;206800.000000;0;0.0;0.0;0.0;1.0;11;837688;1701972;64;25;21;50;50;0.0;0.0
527;0;3350;1;-87;87;576;n/a;n/a;n/a;2.0;8.9;1.0;0.0;0.0;0.52;0.078;0.0;0.0;34;0.0;0.0;0.0;0.0;0.0;1.0;11;847720;1775704;64;25;22;50;50;100;100
546;0;3350;1;-87;87;581;n/a;n/a;n/a;0.0;8.1;1.0;2800.000000;0;0.52;0.078;0.0;22;0.0;206800.000000;0;0.0;0.0;0.0;1.0;11;847720;1775704;64;26;22;100;100;100;47
565;0;3350;1;-88;88;576;n/a;n/a;n/a;0.0;9.2;1.0;2800.000000;0;0.52;0.078;0.0;0.0;0.0;0.0;0.0;0.0;0.0;0.0;1.0;11;847720;1775704;64;26;22;100;100;47;100
584;0;3350;1;-89;89;570;n/a;n/a;n/a;0.0;9.8;0.0;0.0;0.0;0.52;0.078;0.0;0.0;0.0;0.0;0.0;0.0;0.0;0.0;1.0;11;847720;1775704;64;12;22;50;0.0;50;0.0
603;0;3350;1;-89;89;573;n/a;n/a;n/a;0.0;9.8;0.0;0.0;0.0;0.52;0.078;0.0;0.0;0.0;0.0;0.0;0.0;0.0;0.0;1.0;11;847720;1775704;64;12;22;50;0.0;50;50
622;0;3350;1;-88;88;570;n/a;n/a;n/a;0.0;8.4;0.0;0.0;0.0;0.52;0.078;0.0;0.0;0.0;0.0;0.0;0.0;0.0;0.0;1.0;11;847720;1775704;64;13;22;0.0;47;0.0;0.0
641;0;3350;1;-87;87;567;n/a;n/a;n/a;0.0;9.8;0.0;0.0;0.0;0.52;0.078;0.0;0.0;0.0;0.0;0.0;0.0;0.0;0.0;1.0;11;847720;1775704;64;25;22;50;0.0;50;0.0
660;0;3350;1;-88;88;574;n/a;n/a;n/a;0.0;9.5;0.0;0.0;0.0;0.52;0.078;0.0;0.0;0.0;0.0;0.0;0.0;0.0;0.0;1.0;11;847720;1775704;64;13;22;0.0;0.0;47;0.0
679;0;3350;1;-88;88;571;n/a;n/a;n/a;0.0;9.4;0.0;0.0;0.0;0.52;0.078;0.0;0.0;0.0;0.0;0.0;0.0;0.0;0.0;1.0;11;847720;1775704;64;26;22;0.0;0.0;47;0.0
698;0;3350;1;-87;87;566;n/a;n/a;n/a;0.0;8.7;0.0;0.0;0.0;0.52;0.078;0.0;0.0;0.0;0.0;0.0;0.0;0.0;0.0;1.0;11;847720;1775704;64;12;22;50;50;0.0;0.0
717;0;3350;1;-88;88;561;n/a;n/a;n/a;6.0;9.5;1.0;30000.000000;0;0.52;0.078;0.0;0.0;2.0;0.0;0.0;0.0;0.0;0.0;1.0;11;847720;1775704;64;12;22;0.0;0.0;50;0.0
736;0;3350;1;-86;86;562;n/a;n/a;n/a;0.0;10;0.0;0.0;0.0;0.52;0.078;0.0;22;0.0;206800.000000;0;0.0;0.0;0.0;1.0;11;847720;1775704;64;26;22;47;47;47;47
755;0;3350;1;-87;87;564;n/a;n/a;n/a;0.0;10.0;0.0;0.0;0.0;0.52;0.078;0.0;0.0;0.0;0.0;0.0;0.0;0.0;0.0;1.0;11;847720;1775704;64;13;22;47;47;47;47
774;0;3350;1;-87;87;564;n/a;n/a;n/a;0.0;8.0;0.0;0.0;0.0;0.52;0.078;0.0;0.0;0.0;0.0;0.0;0.0;0.0;0.0;1.0;11;847720;1775704;64;12;22;0.0;0.0;50;0.0
793;0;3350;1;-88;88;560;n/a;n/a;n/a;0.0;9.0;0.0;0.0;0.0;0.52;0.078;0.0;0.0;0.0;0.0;0.0;0.0;0.0;0.0;1.0;11;847720;1775704;64;13;22;47;47;47;0.0
812;0;3350;1;-88;88;557;n/a;n/a;n/a;0.0;8.3;0.0;0.0;0.0;0.52;0.078;0.0;0.0;0.0;0.0;0.0;0.0;0.0;0.0;1.0;11;847720;1775704;64;38;22;0.0;0.0;50;0.0
831;0;3350;1;-87;87;555;n/a;n/a;n/a;0.0;8.5;0.0;0.0;0.0;0.52;0.078;0.0;0.0;0.0;0.0;0.0;0.0;0.0;0.0;1.0;11;847720;1775704;64;12;22;0.0;0.0;50;50
850;0;3350;1;-86;86;559;n/a;n/a;n/a;0.0;7.3;0.0;0.0;0.0;0.52;0.078;0.0;0.0;0.0;0.0;0.0;0.0;0.0;0.0;1.0;11;847720;1775704;64;13;22;47;0.0;0.0;0.0
869;0;3350;1;-85;85;545;n/a;n/a;n/a;0.0;5.9;0.0;0.0;0.0;0.52;0.078;0.0;0.0;0.0;0.0;0.0;0.0;0.0;0.0;1.0;11;847720;1775704;64;13;22;0.0;47;47;0.0
888;0;3350;1;-86;86;560;n/a;n/a;n/a;0.0;6.9;0.0;0.0;0.0;0.52;0.078;0.0;0.0;0.0;0.0;0.0;0.0;0.0;0.0;1.0;11;847720;1775704;64;26;22;47;0.0;47;0.0
907;0;3350;1;-88;88;576;n/a;n/a;n/a;0.0;9.2;0.0;0.0;0.0;0.52;0.078;0.0;0.0;0.0;0.0;0.0;0.0;0.0;0.0;1.0;11;847720;1775704;64;25;22;0.0;0.0;50;0.0
926;0;3350;1;-89;89;572;n/a;n/a;n/a;0.0;11;0.0;0.0;0.0;0.52;0.078;0.0;0.0;0.0;0.0;0.0;0.0;0.0;0.0;1.0;11;847720;1775704;64;13;22;47;47;0.0;0.0
945;0;3350;1;-89;89;569;n/a;n/a;n/a;0.0;10;0.0;0.0;0.0;0.52;0.078;0.0;0.0;0.0;0.0;0.0;0.0;0.0;0.0;1.0;11;847720;1775704;64;12;22;0.0;0.0;50;0.0
964;0;3350;1;-89;89;559;n/a;n/a;n/a;0.0;8.9;0.0;0.0;0.0;0.52;0.078;0.0;0.0;0.0;0.0;0.0;0.0;0.0;0.0;1.0;11;847720;1775704;64;12;22;0.0;0.0;50;0.0
983;0;3350;1;-88;88;563;n/a;n/a;n/a;0.0;8.9;0.0;0.0;0.0;0.52;0.078;0.0;0.0;0.0;0.0;0.0;0.0;0.0;0.0;1.0;11;847720;1775704;64;26;22;47;0.0;0.0;47
1002;0;3350;1;-88;88;561;n/a;n/a;n/a;0.0;8.5;0.0;0.0;0.0;0.52;0.078;0.0;0.0;0.0;0.0;0.0;0.0;0.0;0.0;1.0;11;847852;1775704;64;12;21;0.0;50;50;0.0
1021;0;3350;1;-88;88;554;n/a;n/a;n/a;0.0;8.5;0.0;0.0;0.0;0.52;0.078;0.0;0.0;0.0;0.0;0.0;0.0;0.0;0.0;1.0;11;847852;1775704;64;13;21;47;0.0;47;0.0
1040;0;3350;1;-88;88;572;n/a;n/a;n/a;0.0;8.7;0.0;0.0;0.0;0.52;0.078;0.0;0.0;0.0;0.0;0.0;0.0;0.0;0.0;1.0;11;847852;1775704;64;12;21;0.0;0.0;0.0;0.0
1059;0;3350;1;-88;88;577;n/a;n/a;n/a;0.0;8.6;0.0;0.0;0.0;0.52;0.078;0.0;0.0;0.0;0.0;0.0;0.0;0.0;0.0;1.0;11;847852;1775704;64;13;21;47;0.0;47;0.0
1078;0;3350;1;-87;87;580;n/a;n/a;n/a;0.0;7.5;0.0;0.0;0.0;0.52;0.078;0.0;0.0;0.0;0.0;0.0;0.0;0.0;0.0;1.0;11;847852;1775704;64;12;21;0.0;50;50;0.0
1097;0;3350;1;-87;87;573;n/a;n/a;n/a;0.0;8.0;0.0;0.0;0.0;0.52;0.078;0.0;0.0;0.0;0.0;0.0;0.0;0.0;0.0;1.0;11;847852;1775704;64;39;21;47;0.0;47;0.0
1116;0;3350;1;-87;87;563;n/a;n/a;n/a;0.0;7.0;0.0;0.0;0.0;0.52;0.078;0.0;0.0;0.0;0.0;0.0;0.0;0.0;0.0;1.0;11;847852;1775704;64;12;21;0.0;0.0;50;0.0
1135;0;3350;1;-88;88;557;n/a;n/a;n/a;0.0;8.2;0.0;0.0;0.0;0.52;0.078;0.0;0.0;0.0;0.0;0.0;0.0;0.0;0.0;1.0;11;847852;1775704;64;12;21;0.0;0.0;0.0;50
1154;0;3350;1;-89;89;564;n/a;n/a;n/a;0.0;8.4;0.0;0.0;0.0;0.52;0.078;0.0;0.0;0.0;0.0;0.0;0.0;0.0;0.0;1.0;11;847852;1775704;64;12;21;50;50;50;0.0
1173;0;3350;1;-88;88;573;n/a;n/a;n/a;0.0;7.2;0.0;0.0;0.0;0.52;0.078;0.0;0.0;0.0;0.0;0.0;0.0;0.0;0.0;1.0;11;847852;1775704;64;13;21;0.0;0.0;47;0.0
1192;0;3350;1;-89;89;569;n/a;n/a;n/a;0.0;8.5;0.0;0.0;0.0;0.52;0.078;0.0;0.0;0.0;0.0;0.0;0.0;0.0;0.0;1.0;11;847852;1775704;64;26;21;47;0.0;0.0;0.0
1211;0;3350;1;-89;89;570;n/a;n/a;n/a;0.0;9.2;0.0;0.0;0.0;0.52;0.078;0.0;0.0;0.0;0.0;0.0;0.0;0.0;0.0;1.0;11;847852;1775704;64;12;21;0.0;0.0;50;0.0
1230;0;3350;1;-89;89;566;n/a;n/a;n/a;0.0;9.3;0.0;0.0;0.0;0.52;0.078;0.0;0.0;0.0;0.0;0.0;0.0;0.0;0.0;1.0;11;847852;1775704;64;13;21;47;47;47;0.0
1249;0;3350;1;-89;89;563;n/a;n/a;n/a;0.0;9.8;0.0;0.0;0.0;0.52;0.078;0.0;0.0;0.0;0.0;0.0;0.0;0.0;0.0;1.0;11;847852;1775704;64;25;21;0.0;0.0;50;0.0
1268;0;3350;1;-88;88;569;n/a;n/a;n/a;0.0;9.1;0.0;0.0;0.0;0.52;0.078;0.0;0.0;0.0;0.0;0.0;0.0;0.0;0.0;1.0;11;847852;1775704;64;13;21;0.0;0.0;0.0;47
1287;0;3350;1;-88;88;563;n/a;n/a;n/a;0.0;8.7;0.0;0.0;0.0;0.52;0.078;0.0;0.0;0.0;0.0;0.0;0.0;0.0;0.0;1.0;11;847852;1775704;64;12;21;50;50;50;0.0
1306;0;3350;1;-87;87;555;n/a;n/a;n/a;0.0;8.0;0.0;0.0;0.0;0.52;0.078;0.0;0.0;0.0;0.0;0.0;0.0;0.0;0.0;1.0;11;847852;1775704;64;26;21;0.0;0.0;47;0.0
1325;0;3350;1;-88;88;565;n/a;n/a;n/a;0.0;8.9;0.0;0.0;0.0;0.52;0.078;0.0;0.0;0.0;0.0;0.0;0.0;0.0;0.0;1.0;11;847852;1775704;64;12;21;50;0.0;50;0.0
1344;0;3350;1;-89;89;569;n/a;n/a;n/a;0.0;8.0;0.0;0.0;0.0;0.52;0.078;0.0;0.0;0.0;0.0;0.0;0.0;0.0;0.0;1.0;11;847852;1775704;64;12;21;0.0;0.0;0.0;0.0
1363;0;3350;1;-89;89;567;n/a;n/a;n/a;0.0;8.2;0.0;0.0;0.0;0.52;0.078;0.0;0.0;0.0;0.0;0.0;0.0;0.0;0.0;1.0;11;847852;1775704;64;26;21;47;47;47;0.0
1382;0;3350;1;-88;88;565;n/a;n/a;n/a;0.0;8.3;0.0;0.0;0.0;0.52;0.078;0.0;0.0;0.0;0.0;0.0;0.0;0.0;0.0;1.0;11;847852;1775704;64;12;21;0.0;0.0;50;0.0
1401;0;3350;1;-89;89;579;n/a;n/a;n/a;0.0;9.0;0.0;0.0;0.0;0.52;0.078;0.0;0.0;0.0;0.0;0.0;0.0;0.0;0.0;1.0;11;847852;1775704;64;26;21;47;0.0;0.0;0.0
1420;0;3350;1;-89;89;572;n/a;n/a;n/a;0.0;9.7;0.0;0.0;0.0;0.52;0.078;0.0;0.0;0.0;0.0;0.0;0.0;0.0;0.0;1.0;11;847852;1775704;64;13;21;0.0;0.0;47;47
1439;0;3350;1;-90;90;571;n/a;n/a;n/a;0.0;11;0.0;0.0;0.0;0.52;0.078;0.0;0.0;0.0;0.0;0.0;0.0;0.0;0.0;1.0;11;847852;1775704;64;12;21;0.0;50;50;0.0
1458;0;3350;1;-88;88;566;n/a;n/a;n/a;0.0;9.0;0.0;0.0;0.0;0.52;0.078;0.0;0.0;0.0;0.0;0.0;0.0;0.0;0.0;1.0;11;847852;1775704;64;26;21;47;0.0;47;0.0
1477;0;3350;1;-88;88;566;n/a;n/a;n/a;0.0;7.4;0.0;0.0;0.0;0.52;0.078;0.0;0.0;0.0;0.0;0.0;0.0;0.0;0.0;1.0;11;847852;1775704;64;12;21;0.0;0.0;0.0;0.0
1496;0;3350;1;-88;88;568;n/a;n/a;n/a;0.0;7.6;0.0;0.0;0.0;0.52;0.078;0.0;0.0;0.0;0.0;0.0;0.0;0.0;0.0;1.0;11;847852;1775704;64;13;21;47;0.0;47;0.0
1515;0;3350;1;-88;88;573;n/a;n/a;n/a;0.0;7.7;0.0;0.0;0.0;0.52;0.078;0.0;0.0;0.0;0.0;0.0;0.0;0.0;0.0;1.0;11;847852;1775704;64;12;21;0.0;50;50;0.0
1534;0;3350;1;-90;90;574;n/a;n/a;n/a;0.0;9.8;0.0;0.0;0.0;0.52;0.078;0.0;0.0;0.0;0.0;0.0;0.0;0.0;0.0;1.0;11;847852;1775704;64;25;21;50;0.0;50;0.0
1553;0;3350;1;-90;90;573;n/a;n/a;n/a;0.0;10;0.0;0.0;0.0;0.52;0.078;0.0;0.0;0.0;0.0;0.0;0.0;0.0;0.0;1.0;11;847852;1775704;64;26;21;0.0;0.0;47;47
1572;0;3350;1;-88;88;585;n/a;n/a;n/a;0.0;8.8;0.0;0.0;0.0;0.52;0.078;0.0;0.0;0.0;0.0;0.0;0.0;0.0;0.0;1.0;11;847852;1775704;64;12;21;50;50;0.0;0.0
1591;0;3350;1;-87;87;595;n/a;n/a;n/a;0.0;7.4;0.0;0.0;0.0;0.52;0.078;0.0;0.0;0.0;0.0;0.0;0.0;0.0;0.0;1.0;11;847852;1775704;64;13;21;0.0;0.0;47;0.0
1610;0;3350;1;-87;87;594;n/a;n/a;n/a;0.0;7.1;0.0;0.0;0.0;0.52;0.078;0.0;0.0;0.0;0.0;0.0;0.0;0.0;0.0;1.0;11;847852;1775704;64;12;21;0.0;0.0;50;0.0
1629;0;3350;1;-87;87;580;n/a;n/a;n/a;0.0;8.6;0.0;0.0;0.0;0.52;0.078;0.0;0.0;0.0;0.0;0.0;0.0;0.0;0.0;1.0;11;847852;1775704;64;25;21;50;0.0;50;0.0
1648;0;3350;1;-87;87;573;n/a;n/a;n/a;0.0;8.3;0.0;0.0;0.0;0.52;0.078;0.0;0.0;0.0;0.0;0.0;0.0;0.0;0.0;1.0;11;847852;1775704;64;13;21;0.0;47;47;0.0
1667;0;3350;1;-87;87;565;n/a;n/a;n/a;0.0;7.9;0.0;0.0;0.0;0.52;0.078;0.0;0.0;0.0;0.0;0.0;0.0;0.0;0.0;1.0;11;847852;1775704;64;25;21;50;0.0;0.0;0.0
1686;0;3350;1;-88;88;570;n/a;n/a;n/a;0.0;8.1;0.0;0.0;0.0;0.52;0.078;0.0;0.0;0.0;0.0;0.0;0.0;0.0;0.0;1.0;11;847852;1775704;64;12;21;0.0;0.0;50;0.0
1705;0;3350;1;-88;88;572;n/a;n/a;n/a;0.0;8.4;0.0;0.0;0.0;0.52;0.078;0.0;0.0;0.0;0.0;0.0;0.0;0.0;0.0;1.0;11;847852;1775704;64;13;21;47;0.0;47;0.0
1724;0;3350;1;-88;88;572;n/a;n/a;n/a;0.0;7.3;0.0;0.0;0.0;0.52;0.078;0.0;0.0;0.0;0.0;0.0;0.0;0.0;0.0;1.0;11;847852;1775704;64;13;21;0.0;47;47;47
1743;0;3350;1;-89;89;568;n/a;n/a;n/a;0.0;9.4;0.0;0.0;0.0;0.52;0.078;0.0;0.0;0.0;0.0;0.0;0.0;0.0;0.0;1.0;11;847852;1775704;64;38;21;0.0;0.0;0.0;0.0
1762;0;3350;1;-88;88;572;n/a;n/a;n/a;0.0;8.8;0.0;0.0;0.0;0.52;0.078;0.0;0.0;0.0;0.0;0.0;0.0;0.0;0.0;1.0;11;847852;1775704;64;0.0;21;50;0.0;50;0.0
1781;0;3350;1;-89;89;568;n/a;n/a;n/a;0.0;8.3;0.0;0.0;0.0;0.52;0.078;0.0;0.0;0.0;0.0;0.0;0.0;0.0;0.0;1.0;11;847852;1775704;64;26;21;0.0;0.0;47;0.0
1800;0;3350;1;-87;87;561;n/a;n/a;n/a;0.0;8.5;0.0;0.0;0.0;0.52;0.078;0.0;0.0;0.0;0.0;0.0;0.0;0.0;0.0;1.0;11;847852;1775704;64;12;21;50;50;50;0.0
1819;0;3350;1;-89;89;566;n/a;n/a;n/a;0.0;9.4;0.0;0.0;0.0;0.52;0.078;0.0;0.0;0.0;0.0;0.0;0.0;0.0;0.0;1.0;11;847852;1775704;64;13;21;0.0;0.0;0.0;0.0
1838;0;3350;1;-88;88;574;n/a;n/a;n/a;0.0;8.1;0.0;0.0;0.0;0.52;0.078;0.0;0.0;0.0;0.0;0.0;0.0;0.0;0.0;1.0;11;847852;1775704;64;25;21;0.0;0.0;50;0.0
1857;0;3350;1;-89;89;580;n/a;n/a;n/a;0.0;8.1;0.0;0.0;0.0;0.52;0.078;0.0;0.0;0.0;0.0;0.0;0.0;0.0;0.0;1.0;11;847852;1775704;64;25;21;50;0.0;50;50
1876;0;3350;1;-89;89;571;n/a;n/a;n/a;0.0;8.4;0.0;0.0;0.0;0.52;0.078;0.0;0.0;0.0;0.0;0.0;0.0;0.0;0.0;1.0;11;847852;1775704;64;13;21;0.0;0.0;47;0.0
1895;0;3350;1;-88;88;565;n/a;n/a;n/a;0.0;8.1;0.0;0.0;0.0;0.52;0.078;0.0;0.0;0.0;0.0;0.0;0.0;0.0;0.0;1.0;11;847852;1775704;64;13;21;47;47;47;0.0
1914;0;3350;1;-89;89;573;n/a;n/a;n/a;0.0;8.2;0.0;0.0;0.0;0.52;0.078;0.0;0.0;0.0;0.0;0.0;0.0;0.0;0.0;1.0;11;847852;1775704;64;12;21;0.0;0.0;0.0;0.0
1933;0;3350;1;-89;89;567;n/a;n/a;n/a;0.0;9.5;0.0;0.0;0.0;0.52;0.078;0.0;0.0;0.0;0.0;0.0;0.0;0.0;0.0;1.0;11;847852;1775704;64;26;21;47;0.0;47;47
1952;0;3350;1;-89;89;569;n/a;n/a;n/a;0.0;9.8;0.0;0.0;0.0;0.52;0.078;0.0;0.0;31;0.0;0.0;0.0;0.0;0.0;1.0;11;847852;1775704;64;12;21;0.0;0.0;50;0.0
1971;0;3350;1;-87;87;567;n/a;n/a;n/a;0.0;8.4;0.0;0.0;0.0;0.52;0.078;0.0;22;0.0;206800.000000;0;0.0;0.0;0.0;1.0;11;847852;1775704;64;25;21;0.0;0.0;0.0;50
1990;0;3350;1;-88;88;568;n/a;n/a;n/a;1.3;8.2;1.0;10000.000000;0;0.52;0.078;0.0;22;0.0;206800.000000;0;0.0;0.0;0.0;1.0;11;847852;1775704;64;26;21;47;47;47;0.0
2013;0;3350;1;-88;88;574;n/a;n/a;n/a;0.0;8.5;0.0;0.0;0.0;0.52;0.078;0.0;0.0;0.0;0.0;0.0;0.0;0.0;0.0;1.0;11;847852;1775704;64;11;21;57;13;57;57
2028;0;3350;1;-89;89;569;n/a;n/a;n/a;0.0;8.7;0.0;0.0;0.0;0.52;0.078;0.0;0.0;0.0;0.0;0.0;0.0;0.0;0.0;1.0;11;847852;1775704;64;16;21;38;38;38;38
2047;0;3350;1;-88;88;554;n/a;n/a;n/a;0.0;6.4;0.0;0.0;0.0;0.52;0.078;0.0;0.0;0.0;0.0;0.0;0.0;0.0;0.0;0.0;11;847852;1775704;64;13;21;47;47;47;0.0
2066;0;3350;1;-87;87;556;n/a;n/a;n/a;0.0;7.4;0.0;0.0;0.0;0.52;0.078;0.0;0.0;0.0;0.0;0.0;0.0;0.0;0.0;0.0;11;847852;1775704;64;13;21;0.0;0.0;0.0;47
2085;0;3350;1;-87;87;578;n/a;n/a;n/a;0.0;8.1;0.0;0.0;0.0;0.52;0.078;0.0;0.0;0.0;0.0;0.0;0.0;0.0;0.0;0.0;11;847852;1775704;64;25;21;100;50;50;50
2104;0;3350;1;-87;87;589;n/a;n/a;n/a;0.0;8.2;0.0;0.0;0.0;0.52;0.078;0.0;0.0;0.0;0.0;0.0;0.0;0.0;0.0;0.0;11;847852;1775704;64;0.0;21;0.0;0.0;50;0.0
2123;0;3350;1;-87;87;566;n/a;n/a;n/a;0.0;7.6;0.0;0.0;0.0;0.52;0.078;0.0;0.0;0.0;0.0;0.0;0.0;0.0;0.0;0.0;11;847852;1775704;64;26;21;0.0;0.0;0.0;0.0
2142;0;3350;1;-89;89;574;n/a;n/a;n/a;0.0;9.1;0.0;0.0;0.0;0.52;0.078;0.0;0.0;0.0;0.0;0.0;0.0;0.0;0.0;0.0;11;847852;1775704;64;12;21;50;50;0.0;50
2161;0;3350;1;-90;90;574;n/a;n/a;n/a;0.0;9.4;0.0;0.0;0.0;0.52;0.078;0.0;0.0;0.0;0.0;0.0;0.0;0.0;0.0;0.0;11;847852;1775704;64;0.0;21;0.0;0.0;0.0;0.0
2180;0;3350;1;-88;88;567;n/a;n/a;n/a;0.0;9.7;0.0;0.0;0.0;0.52;0.078;0.0;0.0;0.0;0.0;0.0;0.0;0.0;0.0;0.0;11;847852;1775704;64;25;21;0.0;0.0;50;0.0
2199;0;3350;1;-90;90;567;n/a;n/a;n/a;0.0;10;0.0;0.0;0.0;0.52;0.078;0.0;0.0;0.0;0.0;0.0;0.0;0.0;0.0;0.0;11;847852;1775704;64;0.0;21;47;0.0;0.0;0.0
2218;0;3350;1;-89;89;568;n/a;n/a;n/a;0.0;8.9;0.0;0.0;0.0;0.52;0.078;0.0;0.0;0.0;0.0;0.0;0.0;0.0;0.0;0.0;11;847852;1775704;64;12;21;0.0;0.0;0.0;50
2237;0;3350;1;-89;89;581;n/a;n/a;n/a;0.0;7.0;0.0;0.0;0.0;0.52;0.078;0.0;0.0;0.0;0.0;0.0;0.0;0.0;0.0;0.0;11;847852;1775704;64;12;21;50;0.0;50;0.0
2256;0;3350;1;-90;90;572;n/a;n/a;n/a;0.0;8.0;0.0;0.0;0.0;0.52;0.078;0.0;0.0;0.0;0.0;0.0;0.0;0.0;0.0;0.0;11;847852;1775704;64;13;21;0.0;0.0;0.0;0.0
2275;0;3350;1;-89;89;571;n/a;n/a;n/a;0.0;8.4;0.0;0.0;0.0;0.52;0.078;0.0;0.0;0.0;0.0;0.0;0.0;0.0;0.0;0.0;11;847852;1775704;64;13;21;47;47;0.0;47
2294;0;3350;1;-91;91;567;n/a;n/a;n/a;0.0;9.9;0.0;0.0;0.0;0.52;0.078;0.0;0.0;0.0;0.0;0.0;0.0;0.0;0.0;0.0;11;847852;1775704;64;12;21;0.0;0.0;50;0.0
2313;0;3350;1;-89;89;581;n/a;n/a;n/a;0.0;10;0.0;0.0;0.0;0.52;0.078;0.0;0.0;0.0;0.0;0.0;0.0;0.0;0.0;0.0;11;847852;1775704;64;12;21;0.0;0.0;0.0;0.0
2332;0;3350;1;-87;87;589;n/a;n/a;n/a;0.0;8.3;0.0;0.0;0.0;0.52;0.078;0.0;0.0;0.0;0.0;0.0;0.0;0.0;0.0;0.0;11;847852;1775704;64;12;21;50;0.0;0.0;50
2351;0;3350;1;-87;87;581;n/a;n/a;n/a;0.0;8.1;0.0;0.0;0.0;0.52;0.078;0.0;0.0;0.0;0.0;0.0;0.0;0.0;0.0;0.0;11;847852;1775704;64;13;21;0.0;0.0;0.0;0.0
2370;0;3350;1;-89;89;574;n/a;n/a;n/a;0.0;8.2;0.0;0.0;0.0;0.52;0.078;0.0;0.0;0.0;0.0;0.0;0.0;0.0;0.0;0.0;11;847852;1775704;64;12;21;50;50;50;0.0
2389;0;3350;1;-88;88;574;n/a;n/a;n/a;0.0;8.6;0.0;0.0;0.0;0.52;0.078;0.0;0.0;0.0;0.0;0.0;0.0;0.0;0.0;0.0;11;847852;1775704;64;12;21;0.0;0.0;0.0;50
2408;0;3350;1;-88;88;578;n/a;n/a;n/a;0.0;7.3;0.0;0.0;0.0;0.52;0.078;0.0;0.0;0.0;0.0;0.0;0.0;0.0;0.0;0.0;11;847852;1775704;64;0.0;21;0.0;0.0;0.0;0.0
2427;0;3350;1;-88;88;582;n/a;n/a;n/a;0.0;7.3;0.0;0.0;0.0;0.52;0.078;0.0;0.0;0.0;0.0;0.0;0.0;0.0;0.0;0.0;11;847852;1775704;64;13;21;47;0.0;47;0.0
2446;0;3350;1;-89;89;569;n/a;n/a;n/a;0.0;8.5;0.0;0.0;0.0;0.52;0.078;0.0;0.0;0.0;0.0;0.0;0.0;0.0;0.0;0.0;11;847852;1775704;64;12;21;0.0;0.0;0.0;50
2465;0;3350;1;-89;89;560;n/a;n/a;n/a;0.0;6.7;0.0;0.0;0.0;0.52;0.078;0.0;0.0;0.0;0.0;0.0;0.0;0.0;0.0;0.0;11;847852;1775704;64;13;21;47;0.0;0.0;0.0
2484;0;3350;1;-90;90;567;n/a;n/a;n/a;0.0;7.2;0.0;0.0;0.0;0.52;0.078;0.0;0.0;0.0;0.0;0.0;0.0;0.0;0.0;0.0;11;847852;1775704;64;13;21;0.0;47;47;0.0
2503;0;3350;1;-91;91;574;n/a;n/a;n/a;0.0;8.2;0.0;0.0;0.0;0.52;0.078;0.0;0.0;0.0;0.0;0.0;0.0;0.0;0.0;0.0;11;847852;1775704;64;13;21;0.0;0.0;0.0;47
2522;0;3350;1;-90;90;565;n/a;n/a;n/a;0.0;8.0;0.0;0.0;0.0;0.52;0.078;0.0;0.0;0.0;0.0;0.0;0.0;0.0;0.0;0.0;11;847852;1775704;64;12;21;50;0.0;0.0;0.0
2541;0;3350;1;-89;89;571;n/a;n/a;n/a;0.0;7.0;0.0;0.0;0.0;0.52;0.078;0.0;0.0;0.0;0.0;0.0;0.0;0.0;0.0;0.0;11;847852;1775704;64;13;21;0.0;0.0;0.0;0.0
2560;0;3350;1;-89;89;555;n/a;n/a;n/a;0.0;7.9;0.0;0.0;0.0;0.52;0.078;0.0;0.0;0.0;0.0;0.0;0.0;0.0;0.0;0.0;11;847852;1775704;64;13;21;47;0.0;47;0.0
2579;0;3350;1;-87;87;546;n/a;n/a;n/a;0.0;7.8;0.0;0.0;0.0;0.52;0.078;0.0;0.0;0.0;0.0;0.0;0.0;0.0;0.0;0.0;11;847852;1775704;64;13;21;0.0;0.0;0.0;47
2598;0;3350;1;-87;87;559;n/a;n/a;n/a;0.0;7.6;0.0;0.0;0.0;0.52;0.078;0.0;0.0;0.0;0.0;0.0;0.0;0.0;0.0;0.0;11;847852;1775704;64;12;21;50;50;0.0;0.0
2617;0;3350;1;-90;90;579;n/a;n/a;n/a;0.0;7.9;0.0;0.0;0.0;0.52;0.078;0.0;0.0;0.0;0.0;0.0;0.0;0.0;0.0;0.0;11;847852;1775704;64;13;21;0.0;0.0;47;0.0
2636;0;3350;1;-90;90;573;n/a;n/a;n/a;0.0;8.3;0.0;0.0;0.0;0.52;0.078;0.0;0.0;0.0;0.0;0.0;0.0;0.0;0.0;0.0;11;847852;1775704;64;13;21;0.0;0.0;0.0;47
2655;0;3350;1;-89;89;565;n/a;n/a;n/a;0.0;7.5;0.0;0.0;0.0;0.52;0.078;0.0;0.0;0.0;0.0;0.0;0.0;0.0;0.0;0.0;11;847852;1775704;64;0.0;21;50;0.0;0.0;0.0
2674;0;3350;1;-88;88;587;n/a;n/a;n/a;0.0;7.3;0.0;0.0;0.0;0.52;0.078;0.0;0.0;0.0;0.0;0.0;0.0;0.0;0.0;0.0;11;847852;1775704;64;13;21;0.0;0.0;47;0.0
2693;0;3350;1;-90;90;576;n/a;n/a;n/a;0.0;8.3;0.0;0.0;0.0;0.52;0.078;0.0;0.0;0.0;0.0;0.0;0.0;0.0;0.0;0.0;11;847852;1775704;64;12;21;50;0.0;0.0;50
2712;0;3350;1;-91;91;568;n/a;n/a;n/a;0.0;9.0;0.0;0.0;0.0;0.52;0.078;0.0;0.0;0.0;0.0;0.0;0.0;0.0;0.0;0.0;11;847852;1775704;64;26;21;0.0;47;0.0;0.0
2731;0;3350;1;-88;88;573;n/a;n/a;n/a;0.0;7.3;0.0;0.0;0.0;0.52;0.078;0.0;0.0;0.0;0.0;0.0;0.0;0.0;0.0;0.0;11;847852;1775704;64;0.0;21;0.0;0.0;0.0;0.0
2750;0;3350;1;-85;85;568;n/a;n/a;n/a;0.0;5.0;0.0;0.0;0.0;0.52;0.078;0.0;0.0;0.0;0.0;0.0;0.0;0.0;0.0;0.0;11;847852;1775704;64;12;21;50;0.0;50;0.0
2769;0;3350;1;-89;89;572;n/a;n/a;n/a;0.0;6.7;0.0;0.0;0.0;0.52;0.078;0.0;0.0;0.0;0.0;0.0;0.0;0.0;0.0;0.0;11;847852;1775704;64;25;21;0.0;0.0;0.0;50
2788;0;3350;1;-90;90;583;n/a;n/a;n/a;0.0;8.4;0.0;0.0;0.0;0.52;0.078;0.0;0.0;0.0;0.0;0.0;0.0;0.0;0.0;0.0;11;847852;1775704;64;0.0;21;50;0.0;0.0;0.0
2807;0;3350;1;-90;90;589;n/a;n/a;n/a;0.0;7.7;0.0;0.0;0.0;0.52;0.078;0.0;0.0;0.0;0.0;0.0;0.0;0.0;0.0;0.0;11;847852;1775704;64;13;21;0.0;0.0;0.0;0.0
2826;0;3350;1;-90;90;581;n/a;n/a;n/a;0.0;7.9;0.0;0.0;0.0;0.52;0.078;0.0;0.0;0.0;0.0;0.0;0.0;0.0;0.0;0.0;11;847852;1775704;64;12;21;0.0;50;50;50
2845;0;3350;1;-90;90;576;n/a;n/a;n/a;0.0;8.3;0.0;0.0;0.0;0.52;0.078;0.0;0.0;0.0;0.0;0.0;0.0;0.0;0.0;0.0;11;847852;1775704;64;12;21;50;0.0;0.0;0.0
2864;0;3350;1;-90;90;568;n/a;n/a;n/a;0.0;7.7;0.0;0.0;0.0;0.52;0.078;0.0;0.0;0.0;0.0;0.0;0.0;0.0;0.0;0.0;11;847852;1775704;64;12;21;0.0;0.0;0.0;0.0
2883;0;3350;1;-89;89;560;n/a;n/a;n/a;0.0;6.4;0.0;0.0;0.0;0.52;0.078;0.0;0.0;0.0;0.0;0.0;0.0;0.0;0.0;0.0;11;847852;1775704;64;12;21;50;0.0;50;50
#eof
