time;cc;earfcn;pci;rsrp;pl;cfo;pci_neigh;rsrp_neigh;cfo_neigh;dl_mcs;dl_snr;dl_turbo;dl_brate;dl_bler;ul_ta;distance_km;speed_kmph;ul_mcs;ul_buff;ul_brate;ul_bler;rf_o;rf_u;rf_l;is_attached;proc_rmem;proc_rmem_kB;proc_vmem_kB;sys_mem;sys_load;thread_count;cpu_0;cpu_1;cpu_2;cpu_3
19;0;4294967295;0;0.0;0.0;0.0;n/a;n/a;n/a;0.0;0.0;0.0;0.0;0.0;0.0;0.0;0.0;0.0;0.0;0.0;0.0;0.0;0.0;0.0;0.0;10;821592;1439824;61;0.0;21;47;0.0;0.0;47
40;0;4294967295;0;0.0;0.0;0.0;n/a;n/a;n/a;0.0;0.0;0.0;0.0;0.0;0.0;0.0;0.0;0.0;0.0;0.0;0.0;0.0;0.0;0.0;0.0;10;821592;1439824;61;0.0;21;9.1;9.1;9.1;9.1
57;0;4294967295;0;0.0;0.0;0.0;n/a;n/a;n/a;0.0;0.0;0.0;0.0;0.0;0.0;0.0;0.0;0.0;0.0;0.0;0.0;0.0;0.0;0.0;0.0;10;821592;1439824;61;15;21;41;41;41;41
76;0;4294967295;0;0.0;0.0;0.0;n/a;n/a;n/a;0.0;0.0;0.0;0.0;0.0;0.0;0.0;0.0;0.0;0.0;0.0;0.0;0.0;0.0;0.0;0.0;10;821592;1439824;61;0.0;21;0.0;0.0;0.0;0.0
95;0;3350;0;0.0;0.0;0.0;n/a;n/a;n/a;0.0;0.0;0.0;0.0;0.0;0.0;0.0;0.0;0.0;0.0;0.0;0.0;0.0;0.0;0.0;0.0;10;821592;1570896;61;3.9;21;14;7.4;10;7.4
95;0;3350;1;0.0;0.0;0.0;n/a;n/a;n/a;0.0;0.0;0.0;0.0;0.0;0.0;0.0;0.0;0.0;0.0;0.0;0.0;0.0;0.0;0.0;0.0;11;835844;1505360;61;26;21;0.0;0.0;47;0.0
95;0;3350;1;0.0;0.0;0.0;n/a;n/a;n/a;0.0;0.0;0.0;0.0;0.0;0.0;0.0;0.0;0.0;0.0;0.0;0.0;0.0;0.0;0.0;0.0;0.0;0;0;0.0;0.0;0;0.0;0.0;0.0;0.0
110;0;3350;1;-82;82;558;n/a;n/a;n/a;0.0;23;0.0;0.0;0.0;0.0;0.0;0.0;0.0;0.0;0.0;0.0;0.0;0.0;0.0;0.0;11;835844;1505360;61;17;21;33;33;33;33
129;0;3350;1;-82;82;579;n/a;n/a;n/a;0.0;22;0.0;0.0;0.0;0.0;0.0;0.0;0.0;0.0;0.0;0.0;0.0;0.0;0.0;0.0;11;835844;1570896;61;0.0;21;50;50;50;50
148;0;3350;1;-82;82;583;n/a;n/a;n/a;15;21;1.0;45200.000000;0;0.0;0.0;0.0;0.0;0.0;0.0;0.0;0.0;0.0;0.0;0.0;11;835844;1570896;61;12;21;0.0;0.0;50;0.0
167;0;3350;1;-82;82;584;n/a;n/a;n/a;0.0;21;0.0;0.0;0.0;0.0;0.0;0.0;0.0;0.0;0.0;0.0;0.0;0.0;0.0;0.0;11;835844;1636432;61;12;21;50;50;0.0;50
186;0;3350;1;-82;82;584;n/a;n/a;n/a;0.0;21;0.0;0.0;0.0;0.0;0.0;0.0;0.0;0.0;0.0;0.0;0.0;0.0;0.0;0.0;11;835844;1636432;61;0.0;21;47;47;47;47
205;0;3350;1;-82;82;585;n/a;n/a;n/a;0.0;20;0.0;0.0;0.0;0.0;0.0;0.0;0.0;0.0;0.0;0.0;0.0;0.0;0.0;0.0;11;835844;1636432;61;25;21;0.0;0.0;0.0;0.0
224;0;3350;1;-82;82;585;n/a;n/a;n/a;7.0;17;1.0;16400.000000;0;0.0;0.0;0.0;0.0;6.0;0.0;0.0;0.0;0.0;0.0;0.0;11;835844;1701968;61;0.0;21;0.0;0.0;47;0.0
243;0;3350;1;-81;81;579;n/a;n/a;n/a;1.0;11;1.0;0.0;0.0;0.52;0.078;0.0;0.0;0.0;0.0;0;0.0;0.0;0.0;0.0;11;835844;1701968;61;12;21;50;0.0;0.0;50
262;0;3350;1;-82;82;584;n/a;n/a;n/a;6.0;14;1.0;12800.000000;0;0.52;0.078;0.0;0.0;42;2800.000000;0;0.0;0.0;0.0;1.0;11;837688;1701968;61;26;21;47;100;47;47
281;0;3350;1;-82;82;585;n/a;n/a;n/a;2.0;18;1.0;10000.000000;0;0.52;0.078;0.0;0.0;0.0;62800.000000;0;0.0;0.0;0.0;1.0;11;837688;1701968;61;12;21;50;0.0;50;0.0
300;0;3350;1;-82;82;584;n/a;n/a;n/a;2.0;17;1.0;10000.000000;0;0.52;0.078;0.0;22;24;206800.000000;0;0.0;0.0;0.0;1.0;11;837688;1701968;61;13;21;47;0.0;0.0;47
319;0;3350;1;-82;82;585;n/a;n/a;n/a;18;15;4.0;0.0;100.000000;0.52;0.078;0.0;22;0.0;206800.000000;0;0.0;0.0;0.0;1.0;11;837688;1701968;61;12;21;0.0;0.0;0.0;0.0
338;0;3350;1;-82;82;584;n/a;n/a;n/a;18;15;1.8;51200.000000;33;0.52;0.078;0.0;0.0;34;0.0;0.0;0.0;0.0;0.0;1.0;11;847720;1775700;61;25;22;50;50;50;0.0
361;0;3350;1;-82;82;584;n/a;n/a;n/a;0.0;19;1.0;7000.000000;0;1.6;0.23;5022.321777;22;0.0;172333.328125;0;0.0;0.0;0.0;1.0;11;847720;1775700;61;19;22;100;100;62;100
374;0;3350;1;-82;82;583;n/a;n/a;n/a;0.0;20;0.0;0.0;0.0;1.6;0.23;5022.321777;0.0;0.0;0.0;0.0;0.0;0.0;0.0;1.0;11;847720;1775700;61;19;22;100;100;100;100
393;0;3350;1;-82;82;583;n/a;n/a;n/a;0.0;20;0.0;0.0;0.0;1.6;0.23;5022.321777;0.0;0.0;0.0;0.0;0.0;0.0;0.0;1.0;11;847720;1775700;61;25;22;100;50;100;100
412;0;3350;1;-82;82;582;n/a;n/a;n/a;0.0;21;0.0;0.0;0.0;1.6;0.23;5022.321777;0.0;0.0;0.0;0.0;0.0;0.0;0.0;1.0;11;847720;1775700;61;0.0;22;100;47;47;47
431;0;3350;1;-82;82;582;n/a;n/a;n/a;0.0;20;0.0;0.0;0.0;1.6;0.23;5022.321777;0.0;0.0;0.0;0.0;0.0;0.0;0.0;1.0;11;847720;1775700;61;25;22;50;50;50;50
450;0;3350;1;-82;82;582;n/a;n/a;n/a;0.0;17;0.0;0.0;0.0;1.6;0.23;5022.321777;0.0;0.0;0.0;0.0;0.0;0.0;0.0;1.0;11;847720;1775700;61;0.0;22;47;47;0.0;47
469;0;3350;1;-82;82;581;n/a;n/a;n/a;0.0;20;0.0;0.0;0.0;1.6;0.23;5022.321777;0.0;0.0;0.0;0.0;0.0;0.0;0.0;1.0;11;847720;1775700;61;25;22;50;0.0;50;50
488;0;3350;1;-82;82;584;n/a;n/a;n/a;0.0;19;0.0;0.0;0.0;1.6;0.23;5022.321777;0.0;0.0;0.0;0.0;0.0;0.0;0.0;1.0;11;847720;1775700;61;13;22;47;47;47;47
507;0;3350;1;-81;81;579;n/a;n/a;n/a;12;14;2.0;29200.000000;0;1.6;0.23;5022.321777;0.0;0.0;0.0;0.0;0.0;0.0;0.0;1.0;11;847720;1775700;61;12;22;50;0.0;0.0;0.0
526;0;3350;1;-81;81;576;n/a;n/a;n/a;0.0;11;0.0;0.0;0.0;1.6;0.23;5022.321777;22;0.0;206800.000000;0;0.0;0.0;0.0;1.0;11;847720;1775700;61;13;22;0.0;47;47;47
545;0;3350;1;-81;81;575;n/a;n/a;n/a;0.0;10;0.0;0.0;0.0;1.6;0.23;5022.321777;0.0;0.0;0.0;0.0;0.0;0.0;0.0;1.0;11;847720;1775700;61;25;22;100;50;50;50
564;0;3350;1;-80;80;585;n/a;n/a;n/a;0.0;9.3;0.0;0.0;0.0;1.6;0.23;5022.321777;0.0;0.0;0.0;0.0;0.0;0.0;0.0;1.0;11;847720;1775700;61;12;22;50;0.0;50;0.0
583;0;3350;1;-80;80;581;n/a;n/a;n/a;0.0;9.2;0.0;0.0;0.0;1.6;0.23;5022.321777;0.0;0.0;0.0;0.0;0.0;0.0;0.0;1.0;11;847720;1775700;61;13;22;0.0;0.0;0.0;0.0
602;0;3350;1;-80;80;580;n/a;n/a;n/a;0.0;8.9;0.0;0.0;0.0;1.6;0.23;5022.321777;0.0;0.0;0.0;0.0;0.0;0.0;0.0;1.0;11;847720;1775700;61;12;22;50;0.0;0.0;50
621;0;3350;1;-81;81;585;n/a;n/a;n/a;0.0;13;0.0;0.0;0.0;1.6;0.23;5022.321777;0.0;0.0;0.0;0.0;0.0;0.0;0.0;1.0;11;847720;1775700;61;26;22;47;0.0;47;0.0
640;0;3350;1;-81;81;581;n/a;n/a;n/a;0.0;12;0.0;0.0;0.0;1.6;0.23;5022.321777;0.0;0.0;0.0;0.0;0.0;0.0;0.0;1.0;11;847720;1775700;61;12;22;0.0;0.0;0.0;0.0
659;0;3350;1;-82;82;587;n/a;n/a;n/a;0.0;15;0.0;0.0;0.0;1.6;0.23;5022.321777;0.0;0.0;0.0;0.0;0.0;0.0;0.0;1.0;11;847852;1775700;61;12;21;50;50;0.0;0.0
678;0;3350;1;-82;82;585;n/a;n/a;n/a;0.0;16;0.0;0.0;0.0;1.6;0.23;5022.321777;0.0;0.0;0.0;0.0;0.0;0.0;0.0;1.0;11;847852;1775700;61;13;21;0.0;0.0;47;47
697;0;3350;1;-82;82;580;n/a;n/a;n/a;0.0;17;0.0;0.0;0.0;1.6;0.23;5022.321777;0.0;0.0;0.0;0.0;0.0;0.0;0.0;1.0;11;847852;1775700;61;12;21;50;0.0;0.0;0.0
716;0;3350;1;-82;82;581;n/a;n/a;n/a;0.0;18;0.0;0.0;0.0;1.6;0.23;5022.321777;0.0;0.0;0.0;0.0;0.0;0.0;0.0;1.0;11;847852;1775700;61;13;21;0.0;0.0;0.0;0.0
735;0;3350;1;-82;82;582;n/a;n/a;n/a;0.0;19;0.0;0.0;0.0;1.6;0.23;5022.321777;0.0;0.0;0.0;0.0;0.0;0.0;0.0;1.0;11;847852;1775700;61;12;21;50;0.0;50;0.0
754;0;3350;1;-82;82;583;n/a;n/a;n/a;0.0;14;0.0;0.0;0.0;1.6;0.23;5022.321777;0.0;0.0;0.0;0.0;0.0;0.0;0.0;1.0;11;847852;1775700;61;12;21;0.0;0.0;0.0;50
773;0;3350;1;-82;82;582;n/a;n/a;n/a;0.0;12;0.0;0.0;0.0;1.6;0.23;5022.321777;0.0;0.0;0.0;0.0;0.0;0.0;0.0;1.0;11;847852;1775700;61;13;21;47;0.0;0.0;0.0
792;0;3350;1;-82;82;584;n/a;n/a;n/a;0.0;16;0.0;0.0;0.0;1.6;0.23;5022.321777;0.0;0.0;0.0;0.0;0.0;0.0;0.0;1.0;11;847852;1775700;61;13;21;0.0;47;47;47
811;0;3350;1;-82;82;583;n/a;n/a;n/a;0.0;19;0.0;0.0;0.0;1.6;0.23;5022.321777;0.0;0.0;0.0;0.0;0.0;0.0;0.0;1.0;11;847852;1775700;61;12;21;50;0.0;0.0;50
830;0;3350;1;-82;82;583;n/a;n/a;n/a;0.0;18;0.0;0.0;0.0;1.6;0.23;5022.321777;0.0;0.0;0.0;0.0;0.0;0.0;0.0;1.0;11;847852;1775700;62;0.0;21;100;0.0;47;47
849;0;3350;1;-82;82;583;n/a;n/a;n/a;0.0;17;0.0;0.0;0.0;1.6;0.23;5022.321777;0.0;0.0;0.0;0.0;0.0;0.0;0.0;1.0;11;847852;1775700;62;25;21;0.0;50;50;50
868;0;3350;1;-82;82;583;n/a;n/a;n/a;0.0;17;0.0;0.0;0.0;1.6;0.23;5022.321777;0.0;0.0;0.0;0.0;0.0;0.0;0.0;1.0;11;847852;1775700;62;12;21;50;50;50;100
887;0;3350;1;-82;82;584;n/a;n/a;n/a;0.0;19;0.0;0.0;0.0;1.6;0.23;5022.321777;0.0;0.0;0.0;0.0;0.0;0.0;0.0;1.0;11;847852;1775700;62;13;21;47;47;47;47
906;0;3350;1;-82;82;584;n/a;n/a;n/a;0.0;19;0.0;0.0;0.0;1.6;0.23;5022.321777;0.0;0.0;0.0;0.0;0.0;0.0;0.0;1.0;11;847852;1775700;62;12;21;0.0;0.0;50;50
925;0;3350;1;-82;82;585;n/a;n/a;n/a;0.0;18;0.0;0.0;0.0;1.6;0.23;5022.321777;0.0;0.0;0.0;0.0;0.0;0.0;0.0;1.0;11;847852;1775700;62;12;21;50;0.0;0.0;0.0
944;0;3350;1;-82;82;583;n/a;n/a;n/a;0.0;19;0.0;0.0;0.0;1.6;0.23;5022.321777;0.0;0.0;0.0;0.0;0.0;0.0;0.0;1.0;11;847852;1775700;62;13;21;0.0;0.0;0.0;0.0
963;0;3350;1;-82;82;583;n/a;n/a;n/a;0.0;18;0.0;0.0;0.0;1.6;0.23;5022.321777;0.0;0.0;0.0;0.0;0.0;0.0;0.0;1.0;11;847852;1775700;62;12;21;50;50;50;50
982;0;3350;1;-82;82;586;n/a;n/a;n/a;0.0;20;0.0;0.0;0.0;1.6;0.23;5022.321777;0.0;0.0;0.0;0.0;0.0;0.0;0.0;1.0;11;847852;1775700;62;0.0;21;0.0;0.0;0.0;0.0
1001;0;3350;1;-82;82;587;n/a;n/a;n/a;0.0;20;0.0;0.0;0.0;1.6;0.23;5022.321777;0.0;0.0;0.0;0.0;0.0;0.0;0.0;1.0;11;847852;1775700;62;25;21;50;0.0;0.0;0.0
1020;0;3350;1;-82;82;586;n/a;n/a;n/a;0.0;21;0.0;0.0;0.0;1.6;0.23;5022.321777;0.0;0.0;0.0;0.0;0.0;0.0;0.0;1.0;11;847852;1775700;62;0.0;21;0.0;0.0;47;0.0
1039;0;3350;1;-82;82;586;n/a;n/a;n/a;0.0;20;0.0;0.0;0.0;1.6;0.23;5022.321777;0.0;0.0;0.0;0.0;0.0;0.0;0.0;1.0;11;847852;1775700;62;25;21;50;0.0;0.0;50
1058;0;3350;1;-82;82;586;n/a;n/a;n/a;0.0;16;0.0;0.0;0.0;1.6;0.23;5022.321777;0.0;0.0;0.0;0.0;0.0;0.0;0.0;1.0;11;847852;1775700;62;0.0;21;0.0;0.0;0.0;0.0
1077;0;3350;1;-82;82;587;n/a;n/a;n/a;0.0;15;0.0;0.0;0.0;1.6;0.23;5022.321777;0.0;0.0;0.0;0.0;0.0;0.0;0.0;1.0;11;847852;1775700;62;25;21;50;50;50;0.0
1096;0;3350;1;-82;82;587;n/a;n/a;n/a;0.0;16;0.0;0.0;0.0;1.6;0.23;5022.321777;0.0;0.0;0.0;0.0;0.0;0.0;0.0;1.0;11;847852;1775700;62;0.0;21;0.0;0.0;0.0;0.0
1115;0;3350;1;-82;82;588;n/a;n/a;n/a;0.0;16;0.0;0.0;0.0;1.6;0.23;5022.321777;0.0;0.0;0.0;0.0;0.0;0.0;0.0;1.0;11;847852;1775700;62;25;21;50;0.0;0.0;50
1134;0;3350;1;-82;82;587;n/a;n/a;n/a;0.0;15;0.0;0.0;0.0;1.6;0.23;5022.321777;0.0;0.0;0.0;0.0;0.0;0.0;0.0;1.0;11;847852;1775700;62;13;21;0.0;0.0;47;0.0
1153;0;3350;1;-82;82;585;n/a;n/a;n/a;0.0;16;0.0;0.0;0.0;1.6;0.23;5022.321777;0.0;0.0;0.0;0.0;0.0;0.0;0.0;1.0;11;847852;1775700;62;13;21;47;0.0;0.0;0.0
1172;0;3350;1;-81;81;584;n/a;n/a;n/a;0.0;13;0.0;0.0;0.0;1.6;0.23;5022.321777;0.0;0.0;0.0;0.0;0.0;0.0;0.0;1.0;11;847852;1775700;62;0.0;21;50;0.0;0.0;0.0
1191;0;3350;1;-81;81;594;n/a;n/a;n/a;0.0;12;0.0;0.0;0.0;1.6;0.23;5022.321777;0.0;0.0;0.0;0.0;0.0;0.0;0.0;1.0;11;847852;1775700;62;26;21;0.0;0.0;0.0;47
1210;0;3350;1;-81;81;588;n/a;n/a;n/a;0.0;9.4;0.0;0.0;0.0;1.6;0.23;5022.321777;0.0;0.0;0.0;0.0;0.0;0.0;0.0;1.0;11;847852;1775700;62;13;21;47;47;47;0.0
1229;0;3350;1;-80;80;582;n/a;n/a;n/a;0.0;8.2;0.0;0.0;0.0;1.6;0.23;5022.321777;0.0;0.0;0.0;0.0;0.0;0.0;0.0;1.0;11;847852;1775700;62;12;21;50;0.0;0.0;0.0
1248;0;3350;1;-80;80;583;n/a;n/a;n/a;0.0;8.1;0.0;0.0;0.0;1.6;0.23;5022.321777;0.0;0.0;0.0;0.0;0.0;0.0;0.0;1.0;11;847852;1775700;62;12;21;50;0.0;0.0;0.0
1267;0;3350;1;-81;81;584;n/a;n/a;n/a;0.0;9.3;0.0;0.0;0.0;1.6;0.23;5022.321777;0.0;0.0;0.0;0.0;0.0;0.0;0.0;1.0;11;847852;1775700;62;39;21;0.0;0.0;47;47
1286;0;3350;1;-80;80;587;n/a;n/a;n/a;0.0;8.9;0.0;0.0;0.0;1.6;0.23;5022.321777;0.0;0.0;0.0;0.0;0.0;0.0;0.0;1.0;11;847852;1775700;62;0.0;21;50;0.0;0.0;0.0
1305;0;3350;1;-81;81;584;n/a;n/a;n/a;0.0;13;0.0;0.0;0.0;1.6;0.23;5022.321777;0.0;0.0;0.0;0.0;0.0;0.0;0.0;1.0;11;847852;1775700;62;12;21;50;0.0;0.0;0.0
1324;0;3350;1;-82;82;588;n/a;n/a;n/a;0.0;18;0.0;0.0;0.0;1.6;0.23;5022.321777;0.0;0.0;0.0;0.0;0.0;0.0;0.0;1.0;11;847852;1775700;62;26;21;0.0;0.0;0.0;0.0
1343;0;3350;1;-82;82;589;n/a;n/a;n/a;0.0;19;0.0;0.0;0.0;1.6;0.23;5022.321777;0.0;0.0;0.0;0.0;0.0;0.0;0.0;1.0;11;847852;1775700;62;0.0;21;50;0.0;50;50
1362;0;3350;1;-82;82;590;n/a;n/a;n/a;0.0;20;0.0;0.0;0.0;1.6;0.23;5022.321777;0.0;0.0;0.0;0.0;0.0;0.0;0.0;1.0;11;847852;1775700;62;12;21;0.0;0.0;0.0;0.0
1381;0;3350;1;-82;82;590;n/a;n/a;n/a;0.0;20;0.0;0.0;0.0;1.6;0.23;5022.321777;0.0;0.0;0.0;0.0;0.0;0.0;0.0;1.0;11;847852;1775700;62;13;21;0.0;47;0.0;0.0
1400;0;3350;1;-82;82;589;n/a;n/a;n/a;0.0;20;0.0;0.0;0.0;1.6;0.23;5022.321777;0.0;0.0;0.0;0.0;0.0;0.0;0.0;1.0;11;847852;1775700;62;13;21;47;0.0;47;47
1419;0;3350;1;-82;82;589;n/a;n/a;n/a;0.0;20;0.0;0.0;0.0;1.6;0.23;5022.321777;0.0;0.0;0.0;0.0;0.0;0.0;0.0;1.0;11;847852;1775700;62;12;21;0.0;0.0;0.0;0.0
1438;0;3350;1;-82;82;590;n/a;n/a;n/a;0.0;19;0.0;0.0;0.0;1.6;0.23;5022.321777;0.0;0.0;0.0;0.0;0.0;0.0;0.0;1.0;11;847852;1775700;62;12;21;50;0.0;0.0;0.0
1457;0;3350;1;-82;82;590;n/a;n/a;n/a;0.0;20;0.0;0.0;0.0;1.6;0.23;5022.321777;0.0;0.0;0.0;0.0;0.0;0.0;0.0;1.0;11;847852;1775700;62;13;21;0.0;0.0;0.0;0.0
1476;0;3350;1;-82;82;589;n/a;n/a;n/a;0.0;19;0.0;0.0;0.0;1.6;0.23;5022.321777;0.0;0.0;0.0;0.0;0.0;0.0;0.0;1.0;11;847852;1775700;62;0.0;21;47;0.0;47;0.0
1495;0;3350;1;-80;80;597;n/a;n/a;n/a;0.0;11;0.0;0.0;0.0;1.6;0.23;5022.321777;0.0;0.0;0.0;0.0;0.0;0.0;0.0;1.0;11;847852;1775700;62;25;21;0.0;0.0;0.0;50
1514;0;3350;1;-80;80;590;n/a;n/a;n/a;0.0;8.7;0.0;0.0;0.0;1.6;0.23;5022.321777;0.0;0.0;0.0;0.0;0.0;0.0;0.0;1.0;11;847852;1775700;62;13;21;47;47;0.0;0.0
1533;0;3350;1;-80;80;581;n/a;n/a;n/a;0.0;9.3;0.0;0.0;0.0;1.6;0.23;5022.321777;0.0;0.0;0.0;0.0;0.0;0.0;0.0;1.0;11;847852;1775700;62;12;21;50;0.0;50;0.0
1552;0;3350;1;-82;82;586;n/a;n/a;n/a;0.0;14;0.0;0.0;0.0;1.6;0.23;5022.321777;0.0;0.0;0.0;0.0;0.0;0.0;0.0;1.0;11;847852;1775700;62;26;21;47;0.0;0.0;0.0
1571;0;3350;1;-82;82;588;n/a;n/a;n/a;0.0;17;0.0;0.0;0.0;1.6;0.23;5022.321777;0.0;0.0;0.0;0.0;0.0;0.0;0.0;1.0;11;847852;1775700;62;12;21;0.0;0.0;0.0;50
1590;0;3350;1;-82;82;591;n/a;n/a;n/a;0.0;19;0.0;0.0;0.0;1.6;0.23;5022.321777;0.0;0.0;0.0;0.0;0.0;0.0;0.0;1.0;11;847852;1775700;62;0.0;21;47;0.0;47;0.0
1609;0;3350;1;-82;82;591;n/a;n/a;n/a;0.0;19;0.0;0.0;0.0;1.6;0.23;5022.321777;0.0;31;0.0;0.0;0.0;0.0;0.0;1.0;11;847852;1775700;62;12;21;0.0;0.0;0.0;0.0
1628;0;3350;1;-82;82;592;n/a;n/a;n/a;2.0;18;1.0;10000.000000;0;1.6;0.23;5022.321777;22;0.0;206800.000000;0;0.0;0.0;0.0;1.0;11;847852;1775700;62;12;21;0.0;0.0;0.0;0.0
1647;0;3350;1;-82;82;590;n/a;n/a;n/a;0.0;18;0.0;0.0;0.0;1.6;0.23;5022.321777;22;0.0;206800.000000;0;0.0;0.0;0.0;1.0;11;847852;1775700;62;13;21;47;47;47;47
1668;0;3350;1;-82;82;589;n/a;n/a;n/a;0.0;19;0.0;0.0;0.0;1.6;0.23;5022.321777;0.0;0.0;0.0;0.0;0.0;0.0;0.0;1.0;11;847852;1775700;62;11;21;55;55;55;55
1685;0;3350;1;-82;82;590;n/a;n/a;n/a;0.0;18;0.0;0.0;0.0;1.6;0.23;5022.321777;0.0;0.0;0.0;0.0;0.0;0.0;0.0;0.0;11;847852;1775700;62;15;21;41;0.0;0.0;0.0
1704;0;3350;1;-82;82;590;n/a;n/a;n/a;0.0;19;0.0;0.0;0.0;1.6;0.23;5022.321777;0.0;0.0;0.0;0.0;0.0;0.0;0.0;0.0;11;847852;1775700;62;12;21;0.0;50;50;50
1723;0;3350;1;-82;82;589;n/a;n/a;n/a;0.0;20;0.0;0.0;0.0;1.6;0.23;5022.321777;0.0;0.0;0.0;0.0;0.0;0.0;0.0;0.0;11;847852;1775700;62;13;21;47;47;47;47
1742;0;3350;1;-82;82;587;n/a;n/a;n/a;0.0;20;0.0;0.0;0.0;1.6;0.23;5022.321777;0.0;0.0;0.0;0.0;0.0;0.0;0.0;0.0;11;847852;1775700;62;13;21;47;0.0;0.0;0.0
1761;0;3350;1;-82;82;588;n/a;n/a;n/a;0.0;19;0.0;0.0;0.0;1.6;0.23;5022.321777;0.0;0.0;0.0;0.0;0.0;0.0;0.0;0.0;11;847852;1775700;62;13;21;0.0;0.0;0.0;47
1780;0;3350;1;-82;82;587;n/a;n/a;n/a;0.0;17;0.0;0.0;0.0;1.6;0.23;5022.321777;0.0;0.0;0.0;0.0;0.0;0.0;0.0;0.0;11;847852;1775700;62;0.0;21;0.0;0.0;50;0.0
1799;0;3350;1;-82;82;586;n/a;n/a;n/a;0.0;19;0.0;0.0;0.0;1.6;0.23;5022.321777;0.0;0.0;0.0;0.0;0.0;0.0;0.0;0.0;11;847852;1775700;62;13;21;47;0.0;0.0;0.0
1818;0;3350;1;-82;82;589;n/a;n/a;n/a;0.0;18;0.0;0.0;0.0;1.6;0.23;5022.321777;0.0;0.0;0.0;0.0;0.0;0.0;0.0;0.0;11;847852;1775700;62;12;21;0.0;50;0.0;0.0
1837;0;3350;1;-82;82;586;n/a;n/a;n/a;0.0;13;0.0;0.0;0.0;1.6;0.23;5022.321777;0.0;0.0;0.0;0.0;0.0;0.0;0.0;0.0;11;847852;1775700;62;12;21;50;0.0;50;50
1856;0;3350;1;-80;80;587;n/a;n/a;n/a;0.0;10;0.0;0.0;0.0;1.6;0.23;5022.321777;0.0;0.0;0.0;0.0;0.0;0.0;0.0;0.0;11;847852;1775700;62;13;21;0.0;0.0;0.0;0.0
1875;0;3350;1;-81;81;583;n/a;n/a;n/a;0.0;9.6;0.0;0.0;0.0;1.6;0.23;5022.321777;0.0;0.0;0.0;0.0;0.0;0.0;0.0;0.0;11;847852;1775700;62;12;21;50;0.0;0.0;0.0
1894;0;3350;1;-80;80;587;n/a;n/a;n/a;0.0;9.4;0.0;0.0;0.0;1.6;0.23;5022.321777;0.0;0.0;0.0;0.0;0.0;0.0;0.0;0.0;11;847852;1775700;62;0.0;21;0.0;0.0;47;0.0
1913;0;3350;1;-82;82;586;n/a;n/a;n/a;0.0;13;0.0;0.0;0.0;1.6;0.23;5022.321777;0.0;0.0;0.0;0.0;0.0;0.0;0.0;0.0;11;847852;1775700;62;26;21;0.0;0.0;0.0;47
1932;0;3350;1;-82;82;586;n/a;n/a;n/a;0.0;18;0.0;0.0;0.0;1.6;0.23;5022.321777;0.0;0.0;0.0;0.0;0.0;0.0;0.0;0.0;11;847852;1775700;62;12;21;50;0.0;0.0;0.0
1951;0;3350;1;-82;82;587;n/a;n/a;n/a;0.0;14;0.0;0.0;0.0;1.6;0.23;5022.321777;0.0;0.0;0.0;0.0;0.0;0.0;0.0;0.0;11;847852;1775700;62;0.0;21;0.0;0.0;0.0;0.0
1970;0;3350;1;-82;82;585;n/a;n/a;n/a;0.0;17;0.0;0.0;0.0;1.6;0.23;5022.321777;0.0;0.0;0.0;0.0;0.0;0.0;0.0;0.0;11;847852;1775700;62;13;21;47;47;47;0.0
1989;0;3350;1;-82;82;583;n/a;n/a;n/a;0.0;18;0.0;0.0;0.0;1.6;0.23;5022.321777;0.0;0.0;0.0;0.0;0.0;0.0;0.0;0.0;11;847852;1775700;62;12;21;0.0;0.0;0.0;50
2008;0;3350;1;-82;82;583;n/a;n/a;n/a;0.0;19;0.0;0.0;0.0;1.6;0.23;5022.321777;0.0;0.0;0.0;0.0;0.0;0.0;0.0;0.0;11;847852;1775700;62;0.0;21;0.0;0.0;0.0;0.0
2027;0;3350;1;-82;82;585;n/a;n/a;n/a;0.0;20;0.0;0.0;0.0;1.6;0.23;5022.321777;0.0;0.0;0.0;0.0;0.0;0.0;0.0;0.0;11;847852;1775700;62;26;21;47;0.0;0.0;0.0
2046;0;3350;1;-82;82;584;n/a;n/a;n/a;0.0;20;0.0;0.0;0.0;1.6;0.23;5022.321777;0.0;0.0;0.0;0.0;0.0;0.0;0.0;0.0;11;847852;1775700;62;0.0;21;0.0;0.0;47;47
2065;0;3350;1;-82;82;584;n/a;n/a;n/a;0.0;20;0.0;0.0;0.0;1.6;0.23;5022.321777;0.0;0.0;0.0;0.0;0.0;0.0;0.0;0.0;11;847852;1775700;62;13;21;0.0;0.0;0.0;0.0
2084;0;3350;1;-82;82;584;n/a;n/a;n/a;0.0;21;0.0;0.0;0.0;1.6;0.23;5022.321777;0.0;0.0;0.0;0.0;0.0;0.0;0.0;0.0;11;847852;1775700;62;0.0;21;50;0.0;50;0.0
2103;0;3350;1;-82;82;584;n/a;n/a;n/a;0.0;22;0.0;0.0;0.0;1.6;0.23;5022.321777;0.0;0.0;0.0;0.0;0.0;0.0;0.0;0.0;11;847852;1775700;62;26;21;0.0;0.0;0.0;0.0
2122;0;3350;1;-82;82;584;n/a;n/a;n/a;0.0;21;0.0;0.0;0.0;1.6;0.23;5022.321777;0.0;0.0;0.0;0.0;0.0;0.0;0.0;0.0;11;847852;1775700;62;0.0;21;0.0;47;0.0;0.0
2141;0;3350;1;-82;82;583;n/a;n/a;n/a;0.0;21;0.0;0.0;0.0;1.6;0.23;5022.321777;0.0;0.0;0.0;0.0;0.0;0.0;0.0;0.0;11;847852;1775700;62;12;21;50;0.0;0.0;50
2160;0;3350;1;-82;82;582;n/a;n/a;n/a;0.0;21;0.0;0.0;0.0;1.6;0.23;5022.321777;0.0;0.0;0.0;0.0;0.0;0.0;0.0;0.0;11;847852;1775700;62;13;21;0.0;0.0;47;0.0
2179;0;3350;1;-82;82;582;n/a;n/a;n/a;0.0;21;0.0;0.0;0.0;1.6;0.23;5022.321777;0.0;0.0;0.0;0.0;0.0;0.0;0.0;0.0;11;847852;1775700;62;0.0;21;50;0.0;0.0;0.0
2198;0;3350;1;-82;82;582;n/a;n/a;n/a;0.0;21;0.0;0.0;0.0;1.6;0.23;5022.321777;0.0;0.0;0.0;0.0;0.0;0.0;0.0;0.0;11;847852;1775700;62;26;21;0.0;0.0;0.0;0.0
2217;0;3350;1;-82;82;583;n/a;n/a;n/a;0.0;21;0.0;0.0;0.0;1.6;0.23;5022.321777;0.0;0.0;0.0;0.0;0.0;0.0;0.0;0.0;11;847852;1775700;62;13;21;0.0;47;47;47
2236;0;3350;1;-82;82;582;n/a;n/a;n/a;0.0;19;0.0;0.0;0.0;1.6;0.23;5022.321777;0.0;0.0;0.0;0.0;0.0;0.0;0.0;0.0;11;847852;1775700;62;12;21;100;50;50;50
2255;0;3350;1;-82;82;582;n/a;n/a;n/a;0.0;17;0.0;0.0;0.0;1.6;0.23;5022.321777;0.0;0.0;0.0;0.0;0.0;0.0;0.0;0.0;11;847852;1775700;62;0.0;21;100;100;100;100
2274;0;3350;1;-81;81;584;n/a;n/a;n/a;0.0;11;0.0;0.0;0.0;1.6;0.23;5022.321777;0.0;0.0;0.0;0.0;0.0;0.0;0.0;0.0;11;847852;1775700;62;26;21;47;47;47;47
2293;0;3350;1;-80;80;586;n/a;n/a;n/a;0.0;8.4;0.0;0.0;0.0;1.6;0.23;5022.321777;0.0;0.0;0.0;0.0;0.0;0.0;0.0;0.0;11;847852;1775700;62;0.0;21;50;50;0.0;0.0
2312;0;3350;1;-82;82;590;n/a;n/a;n/a;0.0;12;0.0;0.0;0.0;1.6;0.23;5022.321777;0.0;0.0;0.0;0.0;0.0;0.0;0.0;0.0;11;847852;1775700;62;13;21;0.0;0.0;47;47
2331;0;3350;1;-82;82;583;n/a;n/a;n/a;0.0;14;0.0;0.0;0.0;1.6;0.23;5022.321777;0.0;0.0;0.0;0.0;0.0;0.0;0.0;0.0;11;847852;1775700;62;13;21;0.0;0.0;0.0;0.0
2350;0;3350;1;-81;81;580;n/a;n/a;n/a;0.0;12;0.0;0.0;0.0;1.6;0.23;5022.321777;0.0;0.0;0.0;0.0;0.0;0.0;0.0;0.0;11;847852;1775700;62;12;21;50;0.0;0.0;0.0
2369;0;3350;1;-82;82;583;n/a;n/a;n/a;0.0;17;0.0;0.0;0.0;1.6;0.23;5022.321777;0.0;0.0;0.0;0.0;0.0;0.0;0.0;0.0;11;847852;1775700;62;0.0;21;0.0;0.0;47;0.0
2388;0;3350;1;-82;82;582;n/a;n/a;n/a;0.0;21;0.0;0.0;0.0;1.6;0.23;5022.321777;0.0;0.0;0.0;0.0;0.0;0.0;0.0;0.0;11;847852;1775700;62;26;21;47;0.0;0.0;0.0
2407;0;3350;1;-82;82;582;n/a;n/a;n/a;0.0;22;0.0;0.0;0.0;1.6;0.23;5022.321777;0.0;0.0;0.0;0.0;0.0;0.0;0.0;0.0;11;847852;1775700;62;12;21;0.0;0.0;0.0;50
2426;0;3350;1;-82;82;583;n/a;n/a;n/a;0.0;21;0.0;0.0;0.0;1.6;0.23;5022.321777;0.0;0.0;0.0;0.0;0.0;0.0;0.0;0.0;11;847852;1775700;62;0.0;21;0.0;0.0;47;0.0
2445;0;3350;1;-82;82;583;n/a;n/a;n/a;0.0;20;0.0;0.0;0.0;1.6;0.23;5022.321777;0.0;0.0;0.0;0.0;0.0;0.0;0.0;0.0;11;847852;1775700;62;0.0;21;50;0.0;0.0;0.0
2464;0;3350;1;-82;82;583;n/a;n/a;n/a;0.0;18;0.0;0.0;0.0;1.6;0.23;5022.321777;0.0;0.0;0.0;0.0;0.0;0.0;0.0;0.0;11;847852;1775700;62;26;21;0.0;47;0.0;0.0
2483;0;3350;1;-82;82;584;n/a;n/a;n/a;0.0;19;0.0;0.0;0.0;1.6;0.23;5022.321777;0.0;0.0;0.0;0.0;0.0;0.0;0.0;0.0;11;847852;1775700;62;0.0;21;50;0.0;0.0;0.0
2502;0;3350;1;-82;82;586;n/a;n/a;n/a;0.0;19;0.0;0.0;0.0;1.6;0.23;5022.321777;0.0;0.0;0.0;0.0;0.0;0.0;0.0;0.0;11;847852;1775700;62;26;21;0.0;0.0;47;47
2521;0;3350;1;-82;82;586;n/a;n/a;n/a;0.0;18;0.0;0.0;0.0;1.6;0.23;5022.321777;0.0;0.0;0.0;0.0;0.0;0.0;0.0;0.0;11;847852;1775700;62;0.0;21;0.0;0.0;0.0;0.0
2540;0;3350;1;-82;82;585;n/a;n/a;n/a;0.0;18;0.0;0.0;0.0;1.6;0.23;5022.321777;0.0;0.0;0.0;0.0;0.0;0.0;0.0;0.0;11;847852;1775700;62;13;21;47;0.0;0.0;0.0
#eof
