time;cc;earfcn;pci;rsrp;pl;cfo;pci_neigh;rsrp_neigh;cfo_neigh;dl_mcs;dl_snr;dl_turbo;dl_brate;dl_bler;ul_ta;distance_km;speed_kmph;ul_mcs;ul_buff;ul_brate;ul_bler;rf_o;rf_u;rf_l;is_attached;proc_rmem;proc_rmem_kB;proc_vmem_kB;sys_mem;sys_load;thread_count;cpu_0;cpu_1;cpu_2;cpu_3
19;0;4294967295;0;0.0;0.0;0.0;n/a;n/a;n/a;0.0;0.0;0.0;0.0;0.0;0.0;0.0;0.0;0.0;0.0;0.0;0.0;0.0;0.0;0.0;0.0;10;821592;1439824;62;0.0;21;0.0;0.0;0.0;100
38;0;4294967295;0;0.0;0.0;0.0;n/a;n/a;n/a;0.0;0.0;0.0;0.0;0.0;0.0;0.0;0.0;0.0;0.0;0.0;0.0;0.0;0.0;0.0;0.0;10;821592;1439824;62;0.0;21;47;47;47;47
57;0;4294967295;0;0.0;0.0;0.0;n/a;n/a;n/a;0.0;0.0;0.0;0.0;0.0;0.0;0.0;0.0;0.0;0.0;0.0;0.0;0.0;0.0;0.0;0.0;10;821592;1439824;62;0.0;21;0.0;0.0;0.0;0.0
76;0;4294967295;0;0.0;0.0;0.0;n/a;n/a;n/a;0.0;0.0;0.0;0.0;0.0;0.0;0.0;0.0;0.0;0.0;0.0;0.0;0.0;0.0;0.0;0.0;10;821592;1439824;62;0.0;21;0.0;50;0.0;0.0
95;0;3350;0;0.0;0.0;0.0;n/a;n/a;n/a;0.0;0.0;0.0;0.0;0.0;0.0;0.0;0.0;0.0;0.0;0.0;0.0;0.0;0.0;0.0;0.0;10;821592;1505360;62;4.9;21;9.6;6.8;12;6.8
95;0;3350;1;0.0;0.0;0.0;n/a;n/a;n/a;0.0;0.0;0.0;0.0;0.0;0.0;0.0;0.0;0.0;0.0;0.0;0.0;0.0;0.0;0.0;0.0;11;835844;1505360;62;13;21;21;21;21;74
95;0;3350;1;0.0;0.0;0.0;n/a;n/a;n/a;0.0;0.0;0.0;0.0;0.0;0.0;0.0;0.0;0.0;0.0;0.0;0.0;0.0;0.0;0.0;0.0;0.0;0;0;0.0;0.0;0;0.0;0.0;0.0;0.0
101;0;3350;1;-82;82;386;n/a;n/a;n/a;0.0;21;0.0;0.0;0.0;0.0;0.0;0.0;0.0;0.0;0.0;0.0;0.0;0.0;0.0;0.0;0.0;0;0;0.0;0.0;0;0.0;0.0;0.0;0.0
120;0;3350;1;-82;82;511;n/a;n/a;n/a;0.0;20;0.0;0.0;0.0;0.0;0.0;0.0;0.0;0.0;0.0;0.0;0.0;0.0;0.0;0.0;11;835844;1570896;62;0.0;21;23;23;23;0.0
139;0;3350;1;-82;82;568;n/a;n/a;n/a;15;21;1.0;45200.000000;0;0.0;0.0;0.0;0.0;0.0;0.0;0.0;0.0;0.0;0.0;0.0;11;835844;1570896;62;25;21;0.0;0.0;0.0;50
158;0;3350;1;-82;82;578;n/a;n/a;n/a;0.0;22;0.0;0.0;0.0;0.0;0.0;0.0;0.0;0.0;0.0;0.0;0.0;0.0;0.0;0.0;11;835844;1636432;62;0.0;21;0.0;47;0.0;0.0
177;0;3350;1;-82;82;578;n/a;n/a;n/a;7.0;21;1.0;16400.000000;0;0.0;0.0;0.0;0.0;6.0;0.0;0.0;0.0;0.0;0.0;0.0;11;835844;1701968;62;12;21;50;50;100;50
196;0;3350;1;-82;82;578;n/a;n/a;n/a;1.0;19;1.0;0.0;0.0;0.52;0.078;0.0;0.0;0.0;2800.000000;0;0.0;0.0;0.0;0.0;11;835844;1701968;62;13;21;47;47;0.0;47
215;0;3350;1;-82;82;578;n/a;n/a;n/a;6.0;20;1.0;12800.000000;0;0.52;0.078;0.0;0.0;42;0.0;0.0;0.0;0.0;0.0;1.0;11;837688;1701968;62;12;21;50;0.0;50;50
234;0;3350;1;-82;82;579;n/a;n/a;n/a;2.0;20;1.0;10000.000000;0;0.52;0.078;0.0;0.0;11;62800.000000;0;0.0;0.0;0.0;1.0;11;837688;1701968;62;13;21;100;100;100;47
253;0;3350;1;-82;82;579;n/a;n/a;n/a;2.0;21;1.0;10000.000000;0;0.52;0.078;0.0;22;24;206800.000000;0;0.0;0.0;0.0;1.0;11;837688;1701968;62;25;21;0.0;0.0;0.0;0.0
272;0;3350;1;-82;82;580;n/a;n/a;n/a;18;19;2.0;2800.000000;50;0.52;0.078;0.0;22;0.0;206800.000000;0;0.0;0.0;0.0;1.0;11;837688;1701968;62;0.0;21;47;0.0;0.0;47
291;0;3350;1;-82;82;581;n/a;n/a;n/a;18;17;1.0;48400.000000;0;0.52;0.078;0.0;0.0;34;0.0;0.0;0.0;0.0;0.0;1.0;11;847720;1775700;62;38;22;50;50;100;50
310;0;3350;1;-82;82;582;n/a;n/a;n/a;2.0;16;1.0;7200.000000;0;0.52;0.078;0.0;22;0.0;206800.000000;0;0.0;0.0;0.0;1.0;11;847720;1775700;62;13;22;47;100;47;100
329;0;3350;1;-82;82;581;n/a;n/a;n/a;0.0;16;0.0;0.0;0.0;0.52;0.078;0.0;0.0;0.0;0.0;0.0;0.0;0.0;0.0;1.0;11;847720;1775700;62;13;22;100;47;100;47
348;0;3350;1;-82;82;580;n/a;n/a;n/a;0.0;16;0.0;0.0;0.0;0.52;0.078;0.0;0.0;0.0;0.0;0.0;0.0;0.0;0.0;1.0;11;847720;1775700;62;13;22;47;0.0;47;47
367;0;3350;1;-82;82;579;n/a;n/a;n/a;0.0;16;0.0;0.0;0.0;0.52;0.078;0.0;0.0;0.0;0.0;0.0;0.0;0.0;0.0;1.0;11;847720;1775700;62;25;22;0.0;0.0;50;0.0
386;0;3350;1;-82;82;580;n/a;n/a;n/a;0.0;16;0.0;0.0;0.0;0.52;0.078;0.0;0.0;0.0;0.0;0.0;0.0;0.0;0.0;1.0;11;847720;1775700;62;0.0;22;47;47;0.0;47
405;0;3350;1;-82;82;583;n/a;n/a;n/a;0.0;16;0.0;0.0;0.0;0.52;0.078;0.0;0.0;0.0;0.0;0.0;0.0;0.0;0.0;1.0;11;847720;1775700;62;12;22;0.0;0.0;0.0;0.0
424;0;3350;1;-82;82;582;n/a;n/a;n/a;0.0;16;0.0;0.0;0.0;0.52;0.078;0.0;0.0;0.0;0.0;0.0;0.0;0.0;0.0;1.0;11;847720;1775700;62;25;22;0.0;0.0;50;50
443;0;3350;1;-82;82;582;n/a;n/a;n/a;0.0;18;1.0;2800.000000;0;1.6;0.23;2163.461426;0.0;0.0;0.0;0.0;0.0;0.0;0.0;1.0;11;847720;1775700;62;0.0;22;47;0.0;0.0;0.0
462;0;3350;1;-82;82;582;n/a;n/a;n/a;12;19;1.0;29200.000000;0;1.6;0.23;2163.461426;0.0;0.0;0.0;0.0;0.0;0.0;0.0;1.0;11;847720;1775700;62;26;22;0.0;0.0;47;0.0
481;0;3350;1;-82;82;583;n/a;n/a;n/a;0.0;21;0.0;0.0;0.0;1.6;0.23;2163.461426;0.0;2.0;0.0;0.0;0.0;0.0;0.0;1.0;11;847720;1775700;62;0.0;22;0.0;0.0;0.0;47
500;0;3350;1;-82;82;584;n/a;n/a;n/a;0.0;20;0.0;0.0;0.0;1.6;0.23;2163.461426;22;0.0;206800.000000;0;0.0;0.0;0.0;1.0;11;847720;1775700;62;12;22;50;50;0.0;50
519;0;3350;1;-82;82;583;n/a;n/a;n/a;0.0;22;0.0;0.0;0.0;1.6;0.23;2163.461426;0.0;0.0;0.0;0.0;0.0;0.0;0.0;1.0;11;847720;1775700;62;13;22;47;47;47;47
538;0;3350;1;-82;82;583;n/a;n/a;n/a;0.0;21;0.0;0.0;0.0;1.6;0.23;2163.461426;0.0;0.0;0.0;0.0;0.0;0.0;0.0;1.0;11;847720;1775700;62;12;22;50;0.0;0.0;0.0
557;0;3350;1;-82;82;583;n/a;n/a;n/a;0.0;19;0.0;0.0;0.0;1.6;0.23;2163.461426;0.0;0.0;0.0;0.0;0.0;0.0;0.0;1.0;11;847720;1775700;62;12;22;0.0;0.0;50;50
576;0;3350;1;-82;82;582;n/a;n/a;n/a;0.0;20;0.0;0.0;0.0;1.6;0.23;2163.461426;0.0;0.0;0.0;0.0;0.0;0.0;0.0;1.0;11;847720;1775700;62;13;22;0.0;0.0;0.0;0.0
595;0;3350;1;-82;82;584;n/a;n/a;n/a;0.0;19;0.0;0.0;0.0;1.6;0.23;2163.461426;0.0;0.0;0.0;0.0;0.0;0.0;0.0;1.0;11;847720;1775700;62;12;22;50;0.0;0.0;0.0
614;0;3350;1;-82;82;584;n/a;n/a;n/a;0.0;17;0.0;0.0;0.0;1.6;0.23;2163.461426;0.0;0.0;0.0;0.0;0.0;0.0;0.0;1.0;11;847852;1775700;62;12;21;0.0;50;0.0;50
633;0;3350;1;-82;82;583;n/a;n/a;n/a;0.0;18;0.0;0.0;0.0;1.6;0.23;2163.461426;0.0;0.0;0.0;0.0;0.0;0.0;0.0;1.0;11;847852;1775700;62;12;21;50;0.0;50;0.0
652;0;3350;1;-82;82;582;n/a;n/a;n/a;0.0;18;0.0;0.0;0.0;1.6;0.23;2163.461426;0.0;0.0;0.0;0.0;0.0;0.0;0.0;1.0;11;847852;1775700;62;13;21;0.0;0.0;0.0;0.0
671;0;3350;1;-82;82;584;n/a;n/a;n/a;0.0;20;0.0;0.0;0.0;1.6;0.23;2163.461426;0.0;0.0;0.0;0.0;0.0;0.0;0.0;1.0;11;847852;1775700;62;12;21;0.0;0.0;0.0;50
690;0;3350;1;-82;82;584;n/a;n/a;n/a;0.0;21;0.0;0.0;0.0;1.6;0.23;2163.461426;0.0;0.0;0.0;0.0;0.0;0.0;0.0;1.0;11;847852;1775700;62;12;21;50;0.0;50;0.0
709;0;3350;1;-82;82;584;n/a;n/a;n/a;0.0;21;0.0;0.0;0.0;1.6;0.23;2163.461426;0.0;0.0;0.0;0.0;0.0;0.0;0.0;1.0;11;847852;1775700;62;12;21;0.0;0.0;0.0;0.0
728;0;3350;1;-82;82;583;n/a;n/a;n/a;0.0;22;0.0;0.0;0.0;1.6;0.23;2163.461426;0.0;0.0;0.0;0.0;0.0;0.0;0.0;1.0;11;847852;1775700;62;13;21;47;0.0;0.0;47
747;0;3350;1;-82;82;584;n/a;n/a;n/a;0.0;22;0.0;0.0;0.0;1.6;0.23;2163.461426;0.0;0.0;0.0;0.0;0.0;0.0;0.0;1.0;11;847852;1775700;62;13;21;0.0;0.0;47;0.0
766;0;3350;1;-82;82;584;n/a;n/a;n/a;0.0;21;0.0;0.0;0.0;1.6;0.23;2163.461426;0.0;0.0;0.0;0.0;0.0;0.0;0.0;1.0;11;847852;1775700;62;0.0;21;0.0;47;0.0;47
785;0;3350;1;-82;82;585;n/a;n/a;n/a;0.0;21;0.0;0.0;0.0;1.6;0.23;2163.461426;0.0;0.0;0.0;0.0;0.0;0.0;0.0;1.0;11;847852;1775700;62;13;21;0.0;0.0;0.0;0.0
804;0;3350;1;-82;82;585;n/a;n/a;n/a;0.0;21;0.0;0.0;0.0;1.6;0.23;2163.461426;0.0;0.0;0.0;0.0;0.0;0.0;0.0;1.0;11;847852;1775700;62;12;21;50;0.0;50;0.0
823;0;3350;1;-82;82;584;n/a;n/a;n/a;0.0;21;0.0;0.0;0.0;1.6;0.23;2163.461426;0.0;0.0;0.0;0.0;0.0;0.0;0.0;1.0;11;847852;1775700;62;12;21;0.0;0.0;0.0;50
842;0;3350;1;-82;82;584;n/a;n/a;n/a;0.0;21;0.0;0.0;0.0;1.6;0.23;2163.461426;0.0;0.0;0.0;0.0;0.0;0.0;0.0;1.0;11;847852;1775700;62;12;21;0.0;0.0;0.0;0.0
861;0;3350;1;-82;82;584;n/a;n/a;n/a;0.0;19;0.0;0.0;0.0;1.6;0.23;2163.461426;0.0;0.0;0.0;0.0;0.0;0.0;0.0;1.0;11;847852;1775700;62;13;21;47;47;0.0;0.0
880;0;3350;1;-82;82;583;n/a;n/a;n/a;0.0;18;0.0;0.0;0.0;1.6;0.23;2163.461426;0.0;0.0;0.0;0.0;0.0;0.0;0.0;1.0;11;847852;1775700;62;12;21;0.0;0.0;50;50
899;0;3350;1;-82;82;586;n/a;n/a;n/a;0.0;19;0.0;0.0;0.0;1.6;0.23;2163.461426;0.0;0.0;0.0;0.0;0.0;0.0;0.0;1.0;11;847852;1775700;62;12;21;50;0.0;0.0;0.0
918;0;3350;1;-82;82;583;n/a;n/a;n/a;0.0;21;0.0;0.0;0.0;1.6;0.23;2163.461426;0.0;0.0;0.0;0.0;0.0;0.0;0.0;1.0;11;847852;1775700;62;13;21;0.0;0.0;0.0;0.0
937;0;3350;1;-82;82;583;n/a;n/a;n/a;0.0;20;0.0;0.0;0.0;1.6;0.23;2163.461426;0.0;0.0;0.0;0.0;0.0;0.0;0.0;1.0;11;847852;1775700;62;0.0;21;0.0;0.0;0.0;50
956;0;3350;1;-82;82;583;n/a;n/a;n/a;0.0;19;0.0;0.0;0.0;1.6;0.23;2163.461426;0.0;0.0;0.0;0.0;0.0;0.0;0.0;1.0;11;847852;1775700;62;25;21;50;0.0;50;0.0
975;0;3350;1;-82;82;584;n/a;n/a;n/a;0.0;21;0.0;0.0;0.0;1.6;0.23;2163.461426;0.0;0.0;0.0;0.0;0.0;0.0;0.0;1.0;11;847852;1775700;62;0.0;21;0.0;0.0;0.0;50
994;0;3350;1;-82;82;585;n/a;n/a;n/a;0.0;20;0.0;0.0;0.0;1.6;0.23;2163.461426;0.0;0.0;0.0;0.0;0.0;0.0;0.0;1.0;11;847852;1775700;62;26;21;47;0.0;0.0;0.0
1013;0;3350;1;-82;82;585;n/a;n/a;n/a;0.0;21;0.0;0.0;0.0;1.6;0.23;2163.461426;0.0;0.0;0.0;0.0;0.0;0.0;0.0;1.0;11;847852;1775700;62;0.0;21;0.0;50;50;0.0
1032;0;3350;1;-82;82;585;n/a;n/a;n/a;0.0;20;0.0;0.0;0.0;1.6;0.23;2163.461426;0.0;0.0;0.0;0.0;0.0;0.0;0.0;1.0;11;847852;1775700;62;26;21;0.0;0.0;0.0;47
1051;0;3350;1;-82;82;584;n/a;n/a;n/a;0.0;20;0.0;0.0;0.0;1.6;0.23;2163.461426;0.0;0.0;0.0;0.0;0.0;0.0;0.0;1.0;11;847852;1775700;62;0.0;21;0.0;0.0;0.0;0.0
1070;0;3350;1;-82;82;584;n/a;n/a;n/a;0.0;21;0.0;0.0;0.0;1.6;0.23;2163.461426;0.0;0.0;0.0;0.0;0.0;0.0;0.0;1.0;11;847852;1775700;62;12;21;50;0.0;50;50
1089;0;3350;1;-82;82;585;n/a;n/a;n/a;0.0;21;0.0;0.0;0.0;1.6;0.23;2163.461426;0.0;0.0;0.0;0.0;0.0;0.0;0.0;1.0;11;847852;1775700;62;12;21;0.0;0.0;0.0;0.0
1108;0;3350;1;-82;82;583;n/a;n/a;n/a;0.0;20;0.0;0.0;0.0;1.6;0.23;2163.461426;0.0;0.0;0.0;0.0;0.0;0.0;0.0;1.0;11;847852;1775700;62;12;21;0.0;0.0;0.0;0.0
1127;0;3350;1;-82;82;584;n/a;n/a;n/a;0.0;22;0.0;0.0;0.0;1.6;0.23;2163.461426;0.0;0.0;0.0;0.0;0.0;0.0;0.0;1.0;11;847852;1775700;62;13;21;47;47;47;47
1146;0;3350;1;-82;82;585;n/a;n/a;n/a;0.0;22;0.0;0.0;0.0;1.6;0.23;2163.461426;0.0;0.0;0.0;0.0;0.0;0.0;0.0;1.0;11;847852;1775700;62;25;21;0.0;0.0;0.0;0.0
1165;0;3350;1;-82;82;584;n/a;n/a;n/a;0.0;21;0.0;0.0;0.0;1.6;0.23;2163.461426;0.0;0.0;0.0;0.0;0.0;0.0;0.0;1.0;11;847852;1775700;62;12;21;50;0.0;0.0;0.0
1184;0;3350;1;-82;82;583;n/a;n/a;n/a;0.0;18;0.0;0.0;0.0;1.6;0.23;2163.461426;0.0;0.0;0.0;0.0;0.0;0.0;0.0;1.0;11;847852;1775700;62;0.0;21;0.0;0.0;0.0;47
1203;0;3350;1;-82;82;582;n/a;n/a;n/a;0.0;17;0.0;0.0;0.0;1.6;0.23;2163.461426;0.0;0.0;0.0;0.0;0.0;0.0;0.0;1.0;11;847852;1775700;62;13;21;47;0.0;47;0.0
1222;0;3350;1;-82;82;584;n/a;n/a;n/a;0.0;18;0.0;0.0;0.0;1.6;0.23;2163.461426;0.0;0.0;0.0;0.0;0.0;0.0;0.0;1.0;11;847852;1775700;62;26;21;0.0;0.0;0.0;47
1241;0;3350;1;-81;81;581;n/a;n/a;n/a;0.0;15;0.0;0.0;0.0;1.6;0.23;2163.461426;0.0;0.0;0.0;0.0;0.0;0.0;0.0;1.0;11;847852;1775700;62;12;21;0.0;0.0;0.0;0.0
1260;0;3350;1;-82;82;581;n/a;n/a;n/a;0.0;16;0.0;0.0;0.0;1.6;0.23;2163.461426;0.0;0.0;0.0;0.0;0.0;0.0;0.0;1.0;11;847852;1775700;62;0.0;21;47;0.0;47;47
1279;0;3350;1;-81;81;581;n/a;n/a;n/a;0.0;15;0.0;0.0;0.0;1.6;0.23;2163.461426;0.0;0.0;0.0;0.0;0.0;0.0;0.0;1.0;11;847852;1775700;62;25;21;0.0;50;0.0;0.0
1298;0;3350;1;-82;82;583;n/a;n/a;n/a;0.0;14;0.0;0.0;0.0;1.6;0.23;2163.461426;0.0;0.0;0.0;0.0;0.0;0.0;0.0;1.0;11;847852;1775700;62;13;21;47;0.0;0.0;47
1317;0;3350;1;-82;82;581;n/a;n/a;n/a;0.0;13;0.0;0.0;0.0;1.6;0.23;2163.461426;0.0;0.0;0.0;0.0;0.0;0.0;0.0;1.0;11;847852;1775700;62;12;21;0.0;0.0;0.0;0.0
1336;0;3350;1;-82;82;580;n/a;n/a;n/a;0.0;13;0.0;0.0;0.0;1.6;0.23;2163.461426;0.0;0.0;0.0;0.0;0.0;0.0;0.0;1.0;11;847852;1775700;62;12;21;50;0.0;50;50
1355;0;3350;1;-82;82;583;n/a;n/a;n/a;0.0;15;0.0;0.0;0.0;1.6;0.23;2163.461426;0.0;0.0;0.0;0.0;0.0;0.0;0.0;1.0;11;847852;1775700;62;13;21;0.0;0.0;0.0;0.0
1374;0;3350;1;-81;81;584;n/a;n/a;n/a;0.0;12;0.0;0.0;0.0;1.6;0.23;2163.461426;0.0;0.0;0.0;0.0;0.0;0.0;0.0;1.0;11;847852;1775700;62;13;21;0.0;0.0;0.0;47
1393;0;3350;1;-82;82;580;n/a;n/a;n/a;0.0;17;0.0;0.0;0.0;1.6;0.23;2163.461426;0.0;0.0;0.0;0.0;0.0;0.0;0.0;1.0;11;847852;1775700;62;25;21;50;0.0;0.0;0.0
1412;0;3350;1;-82;82;581;n/a;n/a;n/a;0.0;21;0.0;0.0;0.0;1.6;0.23;2163.461426;0.0;0.0;0.0;0.0;0.0;0.0;0.0;1.0;11;847852;1775700;62;0.0;21;0.0;0.0;50;50
1431;0;3350;1;-82;82;581;n/a;n/a;n/a;0.0;22;0.0;0.0;0.0;1.6;0.23;2163.461426;0.0;0.0;0.0;0.0;0.0;0.0;0.0;1.0;11;847852;1775700;62;13;21;47;47;0.0;0.0
1450;0;3350;1;-82;82;581;n/a;n/a;n/a;0.0;22;0.0;0.0;0.0;1.6;0.23;2163.461426;0.0;0.0;0.0;0.0;0.0;0.0;0.0;1.0;11;847852;1775700;62;12;21;0.0;0.0;0.0;0.0
1469;0;3350;1;-82;82;579;n/a;n/a;n/a;0.0;23;0.0;0.0;0.0;1.6;0.23;2163.461426;0.0;0.0;0.0;0.0;0.0;0.0;0.0;1.0;11;847852;1775700;62;12;21;0.0;0.0;50;50
1488;0;3350;1;-82;82;580;n/a;n/a;n/a;0.0;23;0.0;0.0;0.0;1.6;0.23;2163.461426;0.0;0.0;0.0;0.0;0.0;0.0;0.0;1.0;11;847852;1775700;62;13;21;47;0.0;0.0;0.0
1507;0;3350;1;-82;82;579;n/a;n/a;n/a;0.0;22;0.0;0.0;0.0;1.6;0.23;2163.461426;0.0;0.0;0.0;0.0;0.0;0.0;0.0;1.0;11;847852;1775700;62;12;21;0.0;0.0;0.0;0.0
1526;0;3350;1;-82;82;579;n/a;n/a;n/a;0.0;23;0.0;0.0;0.0;1.6;0.23;2163.461426;0.0;0.0;0.0;0.0;0.0;0.0;0.0;1.0;11;847852;1775700;62;12;21;0.0;0.0;0.0;50
1545;0;3350;1;-82;82;578;n/a;n/a;n/a;0.0;22;0.0;0.0;0.0;1.6;0.23;2163.461426;0.0;0.0;0.0;0.0;0.0;0.0;0.0;1.0;11;847852;1775700;62;12;21;50;0.0;50;0.0
1564;0;3350;1;-82;82;577;n/a;n/a;n/a;0.0;22;0.0;0.0;0.0;1.6;0.23;2163.461426;0.0;31;0.0;0.0;0.0;0.0;0.0;1.0;11;847852;1775700;62;13;21;0.0;47;0.0;47
1583;0;3350;1;-82;82;577;n/a;n/a;n/a;2.0;24;1.0;10000.000000;0;1.6;0.23;2163.461426;22;2.0;206800.000000;0;0.0;0.0;0.0;1.0;11;847852;1775700;62;0.0;21;47;0.0;0.0;0.0
1602;0;3350;1;-82;82;577;n/a;n/a;n/a;0.0;23;0.0;0.0;0.0;1.6;0.23;2163.461426;0.0;2.0;0.0;0.0;0.0;0.0;0.0;1.0;11;847852;1775700;62;26;21;0.0;0.0;47;0.0
1621;0;3350;1;-82;82;577;n/a;n/a;n/a;0.0;24;0.0;0.0;0.0;1.6;0.23;2163.461426;22;0.0;206800.000000;0;0.0;0.0;0.0;1.0;11;847852;1775700;62;13;21;47;47;47;100
1640;0;3350;1;-81;81;578;n/a;n/a;n/a;0.0;16;0.0;0.0;0.0;1.6;0.23;2163.461426;0.0;0.0;0.0;0.0;0.0;0.0;0.0;0.0;11;847852;1775700;62;12;21;50;0.0;0.0;0.0
1659;0;3350;1;-80;80;577;n/a;n/a;n/a;0.0;10;0.0;0.0;0.0;1.6;0.23;2163.461426;0.0;0.0;0.0;0.0;0.0;0.0;0.0;0.0;11;847852;1775700;62;13;21;0.0;47;47;47
1678;0;3350;1;-80;80;576;n/a;n/a;n/a;0.0;11;0.0;0.0;0.0;1.6;0.23;2163.461426;0.0;0.0;0.0;0.0;0.0;0.0;0.0;0.0;11;847852;1775700;62;12;21;50;50;50;50
1697;0;3350;1;-82;82;578;n/a;n/a;n/a;0.0;17;0.0;0.0;0.0;1.6;0.23;2163.461426;0.0;0.0;0.0;0.0;0.0;0.0;0.0;0.0;11;847852;1775700;62;12;21;50;0.0;50;0.0
1716;0;3350;1;-82;82;577;n/a;n/a;n/a;0.0;23;0.0;0.0;0.0;1.6;0.23;2163.461426;0.0;0.0;0.0;0.0;0.0;0.0;0.0;0.0;11;847852;1775700;62;12;21;0.0;0.0;0.0;50
1735;0;3350;1;-82;82;576;n/a;n/a;n/a;0.0;24;0.0;0.0;0.0;1.6;0.23;2163.461426;0.0;0.0;0.0;0.0;0.0;0.0;0.0;0.0;11;847852;1775700;62;0.0;21;0.0;0.0;0.0;0.0
1754;0;3350;1;-82;82;575;n/a;n/a;n/a;0.0;24;0.0;0.0;0.0;1.6;0.23;2163.461426;0.0;0.0;0.0;0.0;0.0;0.0;0.0;0.0;11;847852;1775700;62;26;21;47;0.0;0.0;47
1773;0;3350;1;-82;82;574;n/a;n/a;n/a;0.0;24;0.0;0.0;0.0;1.6;0.23;2163.461426;0.0;0.0;0.0;0.0;0.0;0.0;0.0;0.0;11;847852;1775700;62;0.0;21;0.0;47;47;0.0
1792;0;3350;1;-82;82;574;n/a;n/a;n/a;0.0;24;0.0;0.0;0.0;1.6;0.23;2163.461426;0.0;0.0;0.0;0.0;0.0;0.0;0.0;0.0;11;847852;1775700;62;12;21;0.0;0.0;0.0;0.0
1811;0;3350;1;-82;82;574;n/a;n/a;n/a;0.0;24;0.0;0.0;0.0;1.6;0.23;2163.461426;0.0;0.0;0.0;0.0;0.0;0.0;0.0;0.0;11;847852;1775700;62;13;21;47;0.0;0.0;47
1830;0;3350;1;-82;82;573;n/a;n/a;n/a;0.0;24;0.0;0.0;0.0;1.6;0.23;2163.461426;0.0;0.0;0.0;0.0;0.0;0.0;0.0;0.0;11;847852;1775700;62;13;21;0.0;0.0;47;0.0
1849;0;3350;1;-82;82;572;n/a;n/a;n/a;0.0;23;0.0;0.0;0.0;1.6;0.23;2163.461426;0.0;0.0;0.0;0.0;0.0;0.0;0.0;0.0;11;847852;1775700;62;0.0;21;0.0;0.0;0.0;0.0
1868;0;3350;1;-82;82;572;n/a;n/a;n/a;0.0;22;0.0;0.0;0.0;1.6;0.23;2163.461426;0.0;0.0;0.0;0.0;0.0;0.0;0.0;0.0;11;847852;1775700;62;12;21;0.0;0.0;0.0;0.0
1887;0;3350;1;-82;82;571;n/a;n/a;n/a;0.0;22;0.0;0.0;0.0;1.6;0.23;2163.461426;0.0;0.0;0.0;0.0;0.0;0.0;0.0;0.0;11;847852;1775700;62;26;21;47;0.0;0.0;47
1906;0;3350;1;-82;82;571;n/a;n/a;n/a;0.0;22;0.0;0.0;0.0;1.6;0.23;2163.461426;0.0;0.0;0.0;0.0;0.0;0.0;0.0;0.0;11;847852;1775700;62;0.0;21;0.0;50;50;0.0
1925;0;3350;1;-82;82;573;n/a;n/a;n/a;0.0;21;0.0;0.0;0.0;1.6;0.23;2163.461426;0.0;0.0;0.0;0.0;0.0;0.0;0.0;0.0;11;847852;1775700;62;13;21;0.0;0.0;0.0;0.0
1944;0;3350;1;-82;82;572;n/a;n/a;n/a;0.0;22;0.0;0.0;0.0;1.6;0.23;2163.461426;0.0;0.0;0.0;0.0;0.0;0.0;0.0;0.0;11;847852;1775700;62;13;21;47;0.0;0.0;47
1963;0;3350;1;-82;82;573;n/a;n/a;n/a;0.0;22;0.0;0.0;0.0;1.6;0.23;2163.461426;0.0;0.0;0.0;0.0;0.0;0.0;0.0;0.0;11;847852;1775700;62;0.0;21;0.0;0.0;47;0.0
1982;0;3350;1;-82;82;572;n/a;n/a;n/a;0.0;22;0.0;0.0;0.0;1.6;0.23;2163.461426;0.0;0.0;0.0;0.0;0.0;0.0;0.0;0.0;11;847852;1775700;62;25;21;0.0;0.0;0.0;0.0
2001;0;3350;1;-82;82;572;n/a;n/a;n/a;0.0;22;0.0;0.0;0.0;1.6;0.23;2163.461426;0.0;0.0;0.0;0.0;0.0;0.0;0.0;0.0;11;847852;1775700;62;0.0;21;47;0.0;0.0;47
2020;0;3350;1;-82;82;570;n/a;n/a;n/a;0.0;22;0.0;0.0;0.0;1.6;0.23;2163.461426;0.0;0.0;0.0;0.0;0.0;0.0;0.0;0.0;11;847852;1775700;62;12;21;0.0;0.0;0.0;0.0
2039;0;3350;1;-82;82;572;n/a;n/a;n/a;0.0;22;0.0;0.0;0.0;1.6;0.23;2163.461426;0.0;0.0;0.0;0.0;0.0;0.0;0.0;0.0;11;847852;1775700;62;13;21;0.0;47;47;0.0
2058;0;3350;1;-82;82;573;n/a;n/a;n/a;0.0;22;0.0;0.0;0.0;1.6;0.23;2163.461426;0.0;0.0;0.0;0.0;0.0;0.0;0.0;0.0;11;847852;1775700;62;13;21;47;0.0;0.0;0.0
2077;0;3350;1;-82;82;573;n/a;n/a;n/a;0.0;21;0.0;0.0;0.0;1.6;0.23;2163.461426;0.0;0.0;0.0;0.0;0.0;0.0;0.0;0.0;11;847852;1775700;62;0.0;21;0.0;0.0;0.0;47
2096;0;3350;1;-82;82;574;n/a;n/a;n/a;0.0;22;0.0;0.0;0.0;1.6;0.23;2163.461426;0.0;0.0;0.0;0.0;0.0;0.0;0.0;0.0;11;847852;1775700;62;25;21;50;0.0;50;0.0
2115;0;3350;1;-82;82;575;n/a;n/a;n/a;0.0;20;0.0;0.0;0.0;1.6;0.23;2163.461426;0.0;0.0;0.0;0.0;0.0;0.0;0.0;0.0;11;847852;1775700;62;0.0;21;0.0;0.0;0.0;0.0
2134;0;3350;1;-82;82;577;n/a;n/a;n/a;0.0;18;0.0;0.0;0.0;1.6;0.23;2163.461426;0.0;0.0;0.0;0.0;0.0;0.0;0.0;0.0;11;847852;1775700;62;26;21;0.0;0.0;0.0;47
2153;0;3350;1;-82;82;578;n/a;n/a;n/a;0.0;21;0.0;0.0;0.0;1.6;0.23;2163.461426;0.0;0.0;0.0;0.0;0.0;0.0;0.0;0.0;11;847852;1775700;62;0.0;21;47;0.0;47;0.0
2172;0;3350;1;-82;82;578;n/a;n/a;n/a;0.0;20;0.0;0.0;0.0;1.6;0.23;2163.461426;0.0;0.0;0.0;0.0;0.0;0.0;0.0;0.0;11;847852;1775700;62;0.0;21;0.0;50;0.0;0.0
2191;0;3350;1;-82;82;578;n/a;n/a;n/a;0.0;21;0.0;0.0;0.0;1.6;0.23;2163.461426;0.0;0.0;0.0;0.0;0.0;0.0;0.0;0.0;11;847852;1775700;62;25;21;0.0;0.0;0.0;50
2210;0;3350;1;-82;82;577;n/a;n/a;n/a;0.0;22;0.0;0.0;0.0;1.6;0.23;2163.461426;0.0;0.0;0.0;0.0;0.0;0.0;0.0;0.0;11;847852;1775700;62;13;21;47;0.0;0.0;0.0
2229;0;3350;1;-82;82;575;n/a;n/a;n/a;0.0;22;0.0;0.0;0.0;1.6;0.23;2163.461426;0.0;0.0;0.0;0.0;0.0;0.0;0.0;0.0;11;847852;1775700;62;0.0;21;0.0;0.0;50;0.0
2248;0;3350;1;-82;82;577;n/a;n/a;n/a;0.0;21;0.0;0.0;0.0;1.6;0.23;2163.461426;0.0;0.0;0.0;0.0;0.0;0.0;0.0;0.0;11;847852;1775700;62;13;21;47;0.0;0.0;47
2267;0;3350;1;-82;82;578;n/a;n/a;n/a;0.0;22;0.0;0.0;0.0;1.6;0.23;2163.461426;0.0;0.0;0.0;0.0;0.0;0.0;0.0;0.0;11;847852;1775700;62;25;21;0.0;0.0;0.0;0.0
2286;0;3350;1;-82;82;579;n/a;n/a;n/a;0.0;22;0.0;0.0;0.0;1.6;0.23;2163.461426;0.0;0.0;0.0;0.0;0.0;0.0;0.0;0.0;11;847852;1775700;62;0.0;21;0.0;0.0;0.0;0.0
2305;0;3350;1;-82;82;580;n/a;n/a;n/a;0.0;22;0.0;0.0;0.0;1.6;0.23;2163.461426;0.0;0.0;0.0;0.0;0.0;0.0;0.0;0.0;11;847852;1775700;62;0.0;21;47;0.0;47;0.0
2324;0;3350;1;-82;82;580;n/a;n/a;n/a;0.0;22;0.0;0.0;0.0;1.6;0.23;2163.461426;0.0;0.0;0.0;0.0;0.0;0.0;0.0;0.0;11;847852;1775700;62;25;21;0.0;0.0;0.0;50
2343;0;3350;1;-82;82;581;n/a;n/a;n/a;0.0;22;0.0;0.0;0.0;1.6;0.23;2163.461426;0.0;0.0;0.0;0.0;0.0;0.0;0.0;0.0;11;847852;1775700;62;13;21;0.0;47;0.0;0.0
2362;0;3350;1;-82;82;582;n/a;n/a;n/a;0.0;23;0.0;0.0;0.0;1.6;0.23;2163.461426;0.0;0.0;0.0;0.0;0.0;0.0;0.0;0.0;11;847852;1775700;62;0.0;21;0.0;0.0;47;0.0
2381;0;3350;1;-82;82;582;n/a;n/a;n/a;0.0;24;0.0;0.0;0.0;1.6;0.23;2163.461426;0.0;0.0;0.0;0.0;0.0;0.0;0.0;0.0;11;847852;1775700;62;13;21;47;0.0;0.0;47
2400;0;3350;1;-82;82;583;n/a;n/a;n/a;0.0;23;0.0;0.0;0.0;1.6;0.23;2163.461426;0.0;0.0;0.0;0.0;0.0;0.0;0.0;0.0;11;847852;1775700;62;12;21;0.0;0.0;0.0;0.0
2419;0;3350;1;-82;82;583;n/a;n/a;n/a;0.0;23;0.0;0.0;0.0;1.6;0.23;2163.461426;0.0;0.0;0.0;0.0;0.0;0.0;0.0;0.0;11;847852;1775700;62;0.0;21;0.0;0.0;0.0;0.0
2438;0;3350;1;-82;82;584;n/a;n/a;n/a;0.0;25;0.0;0.0;0.0;1.6;0.23;2163.461426;0.0;0.0;0.0;0.0;0.0;0.0;0.0;0.0;11;847852;1775700;62;13;21;47;0.0;47;47
2457;0;3350;1;-82;82;585;n/a;n/a;n/a;0.0;25;0.0;0.0;0.0;1.6;0.23;2163.461426;0.0;0.0;0.0;0.0;0.0;0.0;0.0;0.0;11;847852;1775700;62;12;21;0.0;0.0;0.0;0.0
2476;0;3350;1;-82;82;584;n/a;n/a;n/a;0.0;24;0.0;0.0;0.0;1.6;0.23;2163.461426;0.0;0.0;0.0;0.0;0.0;0.0;0.0;0.0;11;847852;1775700;62;13;21;0.0;47;0.0;0.0
2495;0;3350;1;-82;82;585;n/a;n/a;n/a;0.0;24;0.0;0.0;0.0;1.6;0.23;2163.461426;0.0;0.0;0.0;0.0;0.0;0.0;0.0;0.0;11;847852;1775700;62;12;21;50;0.0;0.0;0.0
#eof
