time;cc;earfcn;pci;rsrp;pl;cfo;pci_neigh;rsrp_neigh;cfo_neigh;dl_mcs;dl_snr;dl_turbo;dl_brate;dl_bler;ul_ta;distance_km;speed_kmph;ul_mcs;ul_buff;ul_brate;ul_bler;rf_o;rf_u;rf_l;is_attached;proc_rmem;proc_rmem_kB;proc_vmem_kB;sys_mem;sys_load;thread_count;cpu_0;cpu_1;cpu_2;cpu_3
19;0;4294967295;0;0.0;0.0;0.0;n/a;n/a;n/a;0.0;0.0;0.0;0.0;0.0;0.0;0.0;0.0;0.0;0.0;0.0;0.0;0.0;0.0;0.0;0.0;10;821592;1439828;62;13;21;0.0;0.0;0.0;47
38;0;4294967295;0;0.0;0.0;0.0;n/a;n/a;n/a;0.0;0.0;0.0;0.0;0.0;0.0;0.0;0.0;0.0;0.0;0.0;0.0;0.0;0.0;0.0;0.0;10;821592;1439828;62;0.0;21;50;50;50;50
57;0;4294967295;0;0.0;0.0;0.0;n/a;n/a;n/a;0.0;0.0;0.0;0.0;0.0;0.0;0.0;0.0;0.0;0.0;0.0;0.0;0.0;0.0;0.0;0.0;10;821592;1439828;62;13;21;0.0;0.0;0.0;0.0
76;0;4294967295;0;0.0;0.0;0.0;n/a;n/a;n/a;0.0;0.0;0.0;0.0;0.0;0.0;0.0;0.0;0.0;0.0;0.0;0.0;0.0;0.0;0.0;0.0;10;821592;1439828;62;0.0;21;0.0;0.0;47;0.0
95;0;3350;0;0.0;0.0;0.0;n/a;n/a;n/a;0.0;0.0;0.0;0.0;0.0;0.0;0.0;0.0;0.0;0.0;0.0;0.0;0.0;0.0;0.0;0.0;10;821592;1505364;62;4.5;21;13;18;10;7.7
95;0;3350;1;0.0;0.0;0.0;n/a;n/a;n/a;0.0;0.0;0.0;0.0;0.0;0.0;0.0;0.0;0.0;0.0;0.0;0.0;0.0;0.0;0.0;0.0;11;835844;1505364;63;13;21;49;23;23;23
95;0;3350;1;0.0;0.0;0.0;n/a;n/a;n/a;0.0;0.0;0.0;0.0;0.0;0.0;0.0;0.0;0.0;0.0;0.0;0.0;0.0;0.0;0.0;0.0;0.0;0;0;0.0;0.0;0;0.0;0.0;0.0;0.0
104;0;3350;1;-83;83;-24;n/a;n/a;n/a;0.0;7.5;0.0;0.0;0.0;0.0;0.0;0.0;0.0;0.0;0.0;0.0;0.0;0.0;0.0;0.0;11;835844;1570900;63;25;21;0.0;100;0.0;0.0
123;0;3350;1;-82;82;88;n/a;n/a;n/a;0.0;8.3;0.0;0.0;0.0;0.0;0.0;0.0;0.0;0.0;0.0;0.0;0.0;0.0;0.0;0.0;11;835844;1570900;63;0.0;21;0.0;0.0;47;0.0
142;0;3350;1;-83;83;231;n/a;n/a;n/a;0.0;13;0.0;0.0;0.0;0.0;0.0;0.0;0.0;0.0;0.0;0.0;0.0;0.0;0.0;0.0;11;835844;1570900;63;12;21;50;0.0;0.0;50
161;0;3350;1;-83;83;363;n/a;n/a;n/a;0.0;15;0.0;0.0;0.0;0.0;0.0;0.0;0.0;0.0;0.0;0.0;0.0;0.0;0.0;0.0;11;835844;1636436;63;0.0;21;0.0;0.0;0.0;0.0
180;0;3350;1;-83;83;480;n/a;n/a;n/a;15;16;1.0;45200.000000;0;0.0;0.0;0.0;0.0;0.0;0.0;0.0;0.0;0.0;0.0;0.0;11;835844;1636436;63;12;21;50;50;0.0;0.0
199;0;3350;1;-83;83;575;n/a;n/a;n/a;0.0;18;0.0;0.0;0.0;0.0;0.0;0.0;0.0;0.0;0.0;0.0;0.0;0.0;0.0;0.0;11;835844;1636436;63;12;21;0.0;0.0;50;50
218;0;3350;1;-83;83;617;n/a;n/a;n/a;0.0;19;0.0;0.0;0.0;0.0;0.0;0.0;0.0;0.0;0.0;0.0;0.0;0.0;0.0;0.0;11;835844;1636436;63;0.0;21;47;47;0.0;0.0
237;0;3350;1;-82;82;624;n/a;n/a;n/a;0.0;14;0.0;0.0;0.0;0.0;0.0;0.0;0.0;0.0;0.0;0.0;0.0;0.0;0.0;0.0;11;835844;1636436;63;13;21;0.0;0.0;0.0;0.0
256;0;3350;1;-82;82;627;n/a;n/a;n/a;0.0;12;0.0;0.0;0.0;0.0;0.0;0.0;0.0;0.0;0.0;0.0;0.0;0.0;0.0;0.0;11;835844;1636436;63;0.0;21;50;50;0.0;50
275;0;3350;1;-82;82;629;n/a;n/a;n/a;0.0;13;0.0;0.0;0.0;0.0;0.0;0.0;0.0;0.0;0.0;0.0;0.0;0.0;0.0;0.0;11;835844;1636436;63;12;21;0.0;0.0;0.0;0.0
294;0;3350;1;-82;82;628;n/a;n/a;n/a;0.0;14;0.0;0.0;0.0;0.0;0.0;0.0;0.0;0.0;0.0;0.0;0.0;0.0;0.0;0.0;11;835844;1636436;63;13;21;0.0;0.0;47;0.0
313;0;3350;1;-82;82;627;n/a;n/a;n/a;0.0;13;0.0;0.0;0.0;0.0;0.0;0.0;0.0;0.0;0.0;0.0;0.0;0.0;0.0;0.0;11;835844;1636436;63;0.0;21;50;50;0.0;0.0
332;0;3350;1;-83;83;626;n/a;n/a;n/a;7.0;19;1.0;16400.000000;0;0.0;0.0;0.0;0.0;6.0;0.0;0.0;0.0;0.0;0.0;0.0;11;835844;1701972;63;13;21;0.0;0.0;0.0;47
351;0;3350;1;-83;83;627;n/a;n/a;n/a;2.7;21;1.0;12800.000000;0;0.52;0.078;0.0;0.0;42;2800.000000;0;0.0;0.0;0.0;1.0;11;837688;1701972;63;13;21;47;47;0.0;0.0
370;0;3350;1;-83;83;625;n/a;n/a;n/a;0.0;20;0.0;0.0;0.0;0.52;0.078;0.0;0.0;42;0.0;0.0;0.0;0.0;0.0;1.0;11;837688;1701972;63;13;21;47;47;100;47
389;0;3350;1;-82;82;626;n/a;n/a;n/a;2.0;17;1.0;10000.000000;0;0.52;0.078;0.0;0.0;11;62800.000000;0;0.0;0.0;0.0;1.0;11;837688;1701972;63;26;21;0.0;0.0;0.0;47
408;0;3350;1;-82;82;625;n/a;n/a;n/a;2.0;12;1.0;10000.000000;0;0.52;0.078;0.0;22;24;206800.000000;0;0.0;0.0;0.0;1.0;11;837688;1701972;63;25;21;50;50;0.0;0.0
427;0;3350;1;-82;82;628;n/a;n/a;n/a;11;13;1.0;54400.000000;0;0.52;0.078;0.0;22;34;206800.000000;0;0.0;0.0;0.0;1.0;11;847720;1775704;63;12;22;50;0.0;50;50
446;0;3350;1;-83;83;627;n/a;n/a;n/a;0.0;18;0.0;0.0;0.0;0.52;0.078;0.0;0.0;34;0.0;0.0;0.0;0.0;0.0;1.0;11;847720;1775704;63;12;22;50;100;100;50
465;0;3350;1;-83;83;625;n/a;n/a;n/a;0.0;19;1.0;5600.000000;0;0.52;0.078;0.0;22;0.0;206800.000000;0;0.0;0.0;0.0;1.0;11;847720;1775704;63;26;22;100;47;100;47
484;0;3350;1;-83;83;625;n/a;n/a;n/a;0.0;19;0.0;0.0;0.0;0.52;0.078;0.0;0.0;0.0;0.0;0.0;0.0;0.0;0.0;1.0;11;847720;1775704;63;13;22;47;100;47;47
503;0;3350;1;-83;83;625;n/a;n/a;n/a;0.0;20;0.0;0.0;0.0;0.52;0.078;0.0;0.0;0.0;0.0;0.0;0.0;0.0;0.0;1.0;11;847720;1775704;63;12;22;50;0.0;50;50
522;0;3350;1;-83;83;625;n/a;n/a;n/a;0.0;21;0.0;0.0;0.0;0.52;0.078;0.0;0.0;0.0;0.0;0.0;0.0;0.0;0.0;1.0;11;847720;1775704;63;13;22;0.0;47;0.0;0.0
541;0;3350;1;-83;83;625;n/a;n/a;n/a;0.0;20;0.0;0.0;0.0;0.52;0.078;0.0;0.0;0.0;0.0;0.0;0.0;0.0;0.0;1.0;11;847720;1775704;63;13;22;47;0.0;0.0;0.0
560;0;3350;1;-82;82;627;n/a;n/a;n/a;0.0;15;0.0;0.0;0.0;0.52;0.078;0.0;0.0;0.0;0.0;0.0;0.0;0.0;0.0;1.0;11;847720;1775704;63;13;22;0.0;0.0;0.0;47
579;0;3350;1;-82;82;628;n/a;n/a;n/a;0.0;13;0.0;0.0;0.0;0.52;0.078;0.0;0.0;0.0;0.0;0.0;0.0;0.0;0.0;1.0;11;847852;1775704;63;12;21;50;50;0.0;0.0
598;0;3350;1;-82;82;626;n/a;n/a;n/a;0.0;14;0.0;0.0;0.0;0.52;0.078;0.0;0.0;0.0;0.0;0.0;0.0;0.0;0.0;1.0;11;847852;1775704;63;13;21;0.0;0.0;0.0;0.0
617;0;3350;1;-82;82;627;n/a;n/a;n/a;6.0;15;1.0;30000.000000;0;0.52;0.078;0.0;0.0;2.0;0.0;0.0;0.0;0.0;0.0;1.0;11;847852;1775704;63;12;21;0.0;0.0;0.0;50
636;0;3350;1;-83;83;626;n/a;n/a;n/a;0.0;19;0.0;0.0;0.0;0.52;0.078;0.0;0.0;2.0;0.0;0.0;0.0;0.0;0.0;1.0;11;847852;1775704;63;26;21;47;47;47;0.0
655;0;3350;1;-83;83;624;n/a;n/a;n/a;0.0;18;0.0;0.0;0.0;0.52;0.078;0.0;22;0.0;206800.000000;0;0.0;0.0;0.0;1.0;11;847852;1775704;63;12;21;50;50;0.0;50
674;0;3350;1;-82;82;629;n/a;n/a;n/a;0.0;16;0.0;0.0;0.0;0.52;0.078;0.0;0.0;0.0;0.0;0.0;0.0;0.0;0.0;1.0;11;847852;1775704;63;13;21;47;47;47;47
693;0;3350;1;-82;82;631;n/a;n/a;n/a;0.0;15;0.0;0.0;0.0;0.52;0.078;0.0;0.0;0.0;0.0;0.0;0.0;0.0;0.0;1.0;11;847852;1775704;63;12;21;0.0;0.0;0.0;0.0
712;0;3350;1;-82;82;627;n/a;n/a;n/a;0.0;15;0.0;0.0;0.0;0.52;0.078;0.0;0.0;0.0;0.0;0.0;0.0;0.0;0.0;1.0;11;847852;1775704;63;26;21;47;0.0;0.0;47
731;0;3350;1;-82;82;628;n/a;n/a;n/a;0.0;14;0.0;0.0;0.0;0.52;0.078;0.0;0.0;0.0;0.0;0.0;0.0;0.0;0.0;1.0;11;847852;1775704;63;13;21;0.0;47;47;0.0
750;0;3350;1;-82;82;629;n/a;n/a;n/a;0.0;14;0.0;0.0;0.0;0.52;0.078;0.0;0.0;0.0;0.0;0.0;0.0;0.0;0.0;1.0;11;847852;1775704;63;0.0;21;47;0.0;0.0;0.0
769;0;3350;1;-82;82;629;n/a;n/a;n/a;0.0;15;0.0;0.0;0.0;0.52;0.078;0.0;0.0;0.0;0.0;0.0;0.0;0.0;0.0;1.0;11;847852;1775704;63;25;21;0.0;0.0;0.0;50
788;0;3350;1;-82;82;626;n/a;n/a;n/a;0.0;16;0.0;0.0;0.0;0.52;0.078;0.0;0.0;0.0;0.0;0.0;0.0;0.0;0.0;1.0;11;847852;1775704;63;13;21;47;0.0;0.0;0.0
807;0;3350;1;-82;82;627;n/a;n/a;n/a;0.0;17;0.0;0.0;0.0;0.52;0.078;0.0;0.0;0.0;0.0;0.0;0.0;0.0;0.0;1.0;11;847852;1775704;63;13;21;0.0;47;0.0;47
826;0;3350;1;-82;82;624;n/a;n/a;n/a;0.0;15;0.0;0.0;0.0;0.52;0.078;0.0;0.0;0.0;0.0;0.0;0.0;0.0;0.0;1.0;11;847852;1775704;63;12;21;50;0.0;50;0.0
845;0;3350;1;-82;82;624;n/a;n/a;n/a;0.0;16;0.0;0.0;0.0;0.52;0.078;0.0;0.0;0.0;0.0;0.0;0.0;0.0;0.0;1.0;11;847852;1775704;63;12;21;0.0;0.0;0.0;0.0
864;0;3350;1;-82;82;625;n/a;n/a;n/a;0.0;16;0.0;0.0;0.0;0.52;0.078;0.0;0.0;0.0;0.0;0.0;0.0;0.0;0.0;1.0;11;847852;1775704;63;13;21;47;47;0.0;47
883;0;3350;1;-83;83;627;n/a;n/a;n/a;0.0;18;0.0;0.0;0.0;0.52;0.078;0.0;0.0;0.0;0.0;0.0;0.0;0.0;0.0;1.0;11;847852;1775704;63;12;21;0.0;0.0;0.0;0.0
902;0;3350;1;-82;82;626;n/a;n/a;n/a;0.0;19;0.0;0.0;0.0;0.52;0.078;0.0;0.0;0.0;0.0;0.0;0.0;0.0;0.0;1.0;11;847852;1775704;63;12;21;0.0;0.0;0.0;0.0
921;0;3350;1;-82;82;626;n/a;n/a;n/a;0.0;15;0.0;0.0;0.0;0.52;0.078;0.0;0.0;0.0;0.0;0.0;0.0;0.0;0.0;1.0;11;847852;1775704;63;13;21;0.0;47;47;47
940;0;3350;1;-82;82;626;n/a;n/a;n/a;0.0;15;0.0;0.0;0.0;0.52;0.078;0.0;0.0;0.0;0.0;0.0;0.0;0.0;0.0;1.0;11;847852;1775704;63;26;21;47;0.0;47;47
959;0;3350;1;-82;82;626;n/a;n/a;n/a;0.0;15;0.0;0.0;0.0;0.52;0.078;0.0;0.0;0.0;0.0;0.0;0.0;0.0;0.0;1.0;11;847852;1775704;63;0.0;21;100;100;100;0.0
978;0;3350;1;-82;82;625;n/a;n/a;n/a;0.0;16;0.0;0.0;0.0;0.52;0.078;0.0;0.0;0.0;0.0;0.0;0.0;0.0;0.0;1.0;11;847852;1775704;63;26;21;100;100;100;47
997;0;3350;1;-82;82;626;n/a;n/a;n/a;0.0;16;0.0;0.0;0.0;0.52;0.078;0.0;0.0;0.0;0.0;0.0;0.0;0.0;0.0;1.0;11;847852;1775704;63;12;21;100;100;50;0.0
1016;0;3350;1;-82;82;626;n/a;n/a;n/a;0.0;16;0.0;0.0;0.0;0.52;0.078;0.0;0.0;0.0;0.0;0.0;0.0;0.0;0.0;1.0;11;847852;1775704;63;0.0;21;0.0;0.0;0.0;47
1035;0;3350;1;-82;82;625;n/a;n/a;n/a;0.0;15;0.0;0.0;0.0;0.52;0.078;0.0;0.0;0.0;0.0;0.0;0.0;0.0;0.0;1.0;11;847852;1775704;63;25;21;0.0;0.0;50;0.0
1054;0;3350;1;-82;82;628;n/a;n/a;n/a;0.0;15;0.0;0.0;0.0;0.52;0.078;0.0;0.0;0.0;0.0;0.0;0.0;0.0;0.0;1.0;11;847852;1775704;63;12;21;50;50;0.0;0.0
1073;0;3350;1;-82;82;628;n/a;n/a;n/a;0.0;16;0.0;0.0;0.0;0.52;0.078;0.0;0.0;0.0;0.0;0.0;0.0;0.0;0.0;1.0;11;847852;1775704;63;13;21;0.0;0.0;0.0;47
1092;0;3350;1;-82;82;627;n/a;n/a;n/a;0.0;16;0.0;0.0;0.0;0.52;0.078;0.0;0.0;0.0;0.0;0.0;0.0;0.0;0.0;1.0;11;847852;1775704;63;12;21;0.0;0.0;50;0.0
1111;0;3350;1;-82;82;626;n/a;n/a;n/a;0.0;15;0.0;0.0;0.0;0.52;0.078;0.0;0.0;0.0;0.0;0.0;0.0;0.0;0.0;1.0;11;847852;1775704;63;13;21;0.0;47;0.0;0.0
1130;0;3350;1;-83;83;625;n/a;n/a;n/a;0.0;18;0.0;0.0;0.0;0.52;0.078;0.0;0.0;0.0;0.0;0.0;0.0;0.0;0.0;1.0;11;847852;1775704;63;12;21;50;0.0;0.0;50
1149;0;3350;1;-83;83;626;n/a;n/a;n/a;0.0;20;0.0;0.0;0.0;0.52;0.078;0.0;0.0;0.0;0.0;0.0;0.0;0.0;0.0;1.0;11;847852;1775704;63;13;21;0.0;0.0;0.0;0.0
1168;0;3350;1;-83;83;625;n/a;n/a;n/a;0.0;21;0.0;0.0;0.0;0.52;0.078;0.0;0.0;0.0;0.0;0.0;0.0;0.0;0.0;1.0;11;847852;1775704;63;0.0;21;0.0;50;0.0;0.0
1187;0;3350;1;-83;83;626;n/a;n/a;n/a;0.0;21;0.0;0.0;0.0;0.52;0.078;0.0;0.0;0.0;0.0;0.0;0.0;0.0;0.0;1.0;11;847852;1775704;63;13;21;47;0.0;47;0.0
1206;0;3350;1;-83;83;626;n/a;n/a;n/a;0.0;21;0.0;0.0;0.0;0.52;0.078;0.0;0.0;0.0;0.0;0.0;0.0;0.0;0.0;1.0;11;847852;1775704;63;25;21;0.0;0.0;0.0;50
1225;0;3350;1;-83;83;626;n/a;n/a;n/a;0.0;21;0.0;0.0;0.0;0.52;0.078;0.0;0.0;0.0;0.0;0.0;0.0;0.0;0.0;1.0;11;847852;1775704;63;0.0;21;0.0;0.0;0.0;0.0
1244;0;3350;1;-83;83;626;n/a;n/a;n/a;0.0;21;0.0;0.0;0.0;0.52;0.078;0.0;0.0;0.0;0.0;0.0;0.0;0.0;0.0;1.0;11;847852;1775704;63;13;21;0.0;47;47;0.0
1263;0;3350;1;-83;83;625;n/a;n/a;n/a;0.0;21;0.0;0.0;0.0;0.52;0.078;0.0;0.0;0.0;0.0;0.0;0.0;0.0;0.0;1.0;11;847852;1775704;63;12;21;50;0.0;0.0;50
1282;0;3350;1;-83;83;625;n/a;n/a;n/a;0.0;21;0.0;0.0;0.0;0.52;0.078;0.0;0.0;0.0;0.0;0.0;0.0;0.0;0.0;1.0;11;847852;1775704;63;13;21;0.0;0.0;0.0;0.0
1301;0;3350;1;-82;82;627;n/a;n/a;n/a;0.0;19;0.0;0.0;0.0;0.52;0.078;0.0;0.0;0.0;0.0;0.0;0.0;0.0;0.0;1.0;11;847852;1775704;63;13;21;0.0;47;0.0;0.0
1320;0;3350;1;-82;82;625;n/a;n/a;n/a;0.0;14;0.0;0.0;0.0;0.52;0.078;0.0;0.0;0.0;0.0;0.0;0.0;0.0;0.0;1.0;11;847852;1775704;63;13;21;47;0.0;47;47
1339;0;3350;1;-82;82;626;n/a;n/a;n/a;0.0;15;0.0;0.0;0.0;0.52;0.078;0.0;0.0;0.0;0.0;0.0;0.0;0.0;0.0;1.0;11;847852;1775704;63;25;21;0.0;0.0;0.0;0.0
1358;0;3350;1;-83;83;625;n/a;n/a;n/a;0.0;18;0.0;0.0;0.0;0.52;0.078;0.0;0.0;0.0;0.0;0.0;0.0;0.0;0.0;1.0;11;847852;1775704;63;0.0;21;0.0;47;0.0;0.0
1377;0;3350;1;-82;82;624;n/a;n/a;n/a;0.0;15;0.0;0.0;0.0;0.52;0.078;0.0;0.0;0.0;0.0;0.0;0.0;0.0;0.0;1.0;11;847852;1775704;63;12;21;0.0;0.0;50;50
1396;0;3350;1;-83;83;624;n/a;n/a;n/a;0.0;18;0.0;0.0;0.0;0.52;0.078;0.0;0.0;0.0;0.0;0.0;0.0;0.0;0.0;1.0;11;847852;1775704;63;26;21;47;0.0;0.0;0.0
1415;0;3350;1;-82;82;623;n/a;n/a;n/a;0.0;17;0.0;0.0;0.0;0.52;0.078;0.0;0.0;0.0;0.0;0.0;0.0;0.0;0.0;1.0;11;847852;1775704;63;0.0;21;0.0;0.0;0.0;0.0
1434;0;3350;1;-83;83;627;n/a;n/a;n/a;0.0;17;0.0;0.0;0.0;0.52;0.078;0.0;0.0;0.0;0.0;0.0;0.0;0.0;0.0;1.0;11;847852;1775704;63;13;21;0.0;47;0.0;47
1453;0;3350;1;-82;82;625;n/a;n/a;n/a;0.0;16;0.0;0.0;0.0;0.52;0.078;0.0;0.0;0.0;0.0;0.0;0.0;0.0;0.0;1.0;11;847852;1775704;63;12;21;0.0;0.0;50;0.0
1472;0;3350;1;-83;83;626;n/a;n/a;n/a;0.0;18;0.0;0.0;0.0;0.52;0.078;0.0;0.0;0.0;0.0;0.0;0.0;0.0;0.0;1.0;11;847852;1775704;63;13;21;47;0.0;0.0;0.0
1491;0;3350;1;-82;82;626;n/a;n/a;n/a;0.0;18;0.0;0.0;0.0;0.52;0.078;0.0;0.0;0.0;0.0;0.0;0.0;0.0;0.0;1.0;11;847852;1775704;63;13;21;0.0;47;0.0;47
1510;0;3350;1;-82;82;625;n/a;n/a;n/a;0.0;17;0.0;0.0;0.0;0.52;0.078;0.0;0.0;0.0;0.0;0.0;0.0;0.0;0.0;1.0;11;847852;1775704;63;12;21;0.0;0.0;50;0.0
1529;0;3350;1;-83;83;627;n/a;n/a;n/a;0.0;20;0.0;0.0;0.0;0.52;0.078;0.0;0.0;31;0.0;0.0;0.0;0.0;0.0;1.0;11;847852;1775704;63;13;21;47;0.0;0.0;0.0
1548;0;3350;1;-83;83;626;n/a;n/a;n/a;2.0;21;1.0;10000.000000;0;0.52;0.078;0.0;22;2.0;206800.000000;0;0.0;0.0;0.0;1.0;11;847852;1775704;63;12;21;0.0;50;0.0;50
1567;0;3350;1;-83;83;625;n/a;n/a;n/a;0.0;21;0.0;0.0;0.0;0.52;0.078;0.0;22;0.0;206800.000000;0;0.0;0.0;0.0;1.0;11;847852;1775704;63;13;21;0.0;0.0;47;0.0
1588;0;3350;1;-83;83;625;n/a;n/a;n/a;0.0;21;0.0;0.0;0.0;0.52;0.078;0.0;0.0;0.0;0.0;0.0;0.0;0.0;0.0;1.0;11;847852;1775704;63;12;21;52;52;52;52
1606;0;3350;1;-83;83;624;n/a;n/a;n/a;0.0;21;0.0;0.0;0.0;0.52;0.078;0.0;0.0;0.0;0.0;0.0;0.0;0.0;0.0;0.0;11;847852;1775704;63;14;21;44;44;0.0;44
1625;0;3350;1;-83;83;625;n/a;n/a;n/a;0.0;19;0.0;0.0;0.0;0.52;0.078;0.0;0.0;0.0;0.0;0.0;0.0;0.0;0.0;0.0;11;847852;1775704;63;12;21;0.0;0.0;0.0;0.0
1644;0;3350;1;-83;83;624;n/a;n/a;n/a;0.0;20;0.0;0.0;0.0;0.52;0.078;0.0;0.0;0.0;0.0;0.0;0.0;0.0;0.0;0.0;11;847852;1775704;63;12;21;50;50;50;50
1663;0;3350;1;-83;83;625;n/a;n/a;n/a;0.0;21;0.0;0.0;0.0;0.52;0.078;0.0;0.0;0.0;0.0;0.0;0.0;0.0;0.0;0.0;11;847852;1775704;63;13;21;47;47;47;47
1682;0;3350;1;-83;83;624;n/a;n/a;n/a;0.0;20;0.0;0.0;0.0;0.52;0.078;0.0;0.0;0.0;0.0;0.0;0.0;0.0;0.0;0.0;11;847852;1775704;63;0.0;21;0.0;0.0;0.0;0.0
1701;0;3350;1;-83;83;624;n/a;n/a;n/a;0.0;21;0.0;0.0;0.0;0.52;0.078;0.0;0.0;0.0;0.0;0.0;0.0;0.0;0.0;0.0;11;847852;1775704;63;26;21;47;0.0;0.0;0.0
1720;0;3350;1;-83;83;623;n/a;n/a;n/a;0.0;23;0.0;0.0;0.0;0.52;0.078;0.0;0.0;0.0;0.0;0.0;0.0;0.0;0.0;0.0;11;847852;1775704;63;0.0;21;0.0;47;47;0.0
1739;0;3350;1;-83;83;624;n/a;n/a;n/a;0.0;22;0.0;0.0;0.0;0.52;0.078;0.0;0.0;0.0;0.0;0.0;0.0;0.0;0.0;0.0;11;847852;1775704;63;25;21;0.0;0.0;0.0;50
1758;0;3350;1;-83;83;624;n/a;n/a;n/a;0.0;21;0.0;0.0;0.0;0.52;0.078;0.0;0.0;0.0;0.0;0.0;0.0;0.0;0.0;0.0;11;847852;1775704;63;0.0;21;0.0;0.0;0.0;0.0
1777;0;3350;1;-83;83;624;n/a;n/a;n/a;0.0;22;0.0;0.0;0.0;0.52;0.078;0.0;0.0;0.0;0.0;0.0;0.0;0.0;0.0;0.0;11;847852;1775704;63;0.0;21;50;50;0.0;0.0
1796;0;3350;1;-83;83;624;n/a;n/a;n/a;0.0;22;0.0;0.0;0.0;0.52;0.078;0.0;0.0;0.0;0.0;0.0;0.0;0.0;0.0;0.0;11;847852;1775704;63;13;21;0.0;0.0;0.0;0.0
1815;0;3350;1;-83;83;626;n/a;n/a;n/a;0.0;22;0.0;0.0;0.0;0.52;0.078;0.0;0.0;0.0;0.0;0.0;0.0;0.0;0.0;0.0;11;847852;1775704;63;25;21;0.0;0.0;50;50
1834;0;3350;1;-83;83;625;n/a;n/a;n/a;0.0;22;0.0;0.0;0.0;0.52;0.078;0.0;0.0;0.0;0.0;0.0;0.0;0.0;0.0;0.0;11;847852;1775704;63;12;21;50;50;0.0;0.0
1853;0;3350;1;-83;83;625;n/a;n/a;n/a;0.0;21;0.0;0.0;0.0;0.52;0.078;0.0;0.0;0.0;0.0;0.0;0.0;0.0;0.0;0.0;11;847852;1775704;63;0.0;21;0.0;0.0;0.0;0.0
1872;0;3350;1;-83;83;625;n/a;n/a;n/a;0.0;21;0.0;0.0;0.0;0.52;0.078;0.0;0.0;0.0;0.0;0.0;0.0;0.0;0.0;0.0;11;847852;1775704;63;12;21;0.0;0.0;0.0;0.0
1891;0;3350;1;-83;83;624;n/a;n/a;n/a;0.0;22;0.0;0.0;0.0;0.52;0.078;0.0;0.0;0.0;0.0;0.0;0.0;0.0;0.0;0.0;11;847852;1775704;63;12;21;0.0;0.0;50;50
1910;0;3350;1;-83;83;624;n/a;n/a;n/a;0.0;22;0.0;0.0;0.0;0.52;0.078;0.0;0.0;0.0;0.0;0.0;0.0;0.0;0.0;0.0;11;847852;1775704;63;0.0;21;50;50;0.0;0.0
1929;0;3350;1;-83;83;624;n/a;n/a;n/a;0.0;21;0.0;0.0;0.0;0.52;0.078;0.0;0.0;0.0;0.0;0.0;0.0;0.0;0.0;0.0;11;847852;1775704;63;25;21;0.0;0.0;0.0;0.0
1948;0;3350;1;-83;83;624;n/a;n/a;n/a;0.0;21;0.0;0.0;0.0;0.52;0.078;0.0;0.0;0.0;0.0;0.0;0.0;0.0;0.0;0.0;11;847852;1775704;63;0.0;21;0.0;0.0;0.0;0.0
1967;0;3350;1;-83;83;624;n/a;n/a;n/a;0.0;22;0.0;0.0;0.0;0.52;0.078;0.0;0.0;0.0;0.0;0.0;0.0;0.0;0.0;0.0;11;847852;1775704;63;13;21;47;0.0;47;47
1986;0;3350;1;-83;83;624;n/a;n/a;n/a;0.0;22;0.0;0.0;0.0;0.52;0.078;0.0;0.0;0.0;0.0;0.0;0.0;0.0;0.0;0.0;11;847852;1775704;63;12;21;0.0;50;0.0;0.0
2005;0;3350;1;-83;83;625;n/a;n/a;n/a;0.0;22;0.0;0.0;0.0;0.52;0.078;0.0;0.0;0.0;0.0;0.0;0.0;0.0;0.0;0.0;11;847852;1775704;63;12;21;0.0;0.0;0.0;0.0
2024;0;3350;1;-83;83;624;n/a;n/a;n/a;0.0;21;0.0;0.0;0.0;0.52;0.078;0.0;0.0;0.0;0.0;0.0;0.0;0.0;0.0;0.0;11;847852;1775704;63;12;21;0.0;0.0;0.0;0.0
2043;0;3350;1;-83;83;624;n/a;n/a;n/a;0.0;21;0.0;0.0;0.0;0.52;0.078;0.0;0.0;0.0;0.0;0.0;0.0;0.0;0.0;0.0;11;847852;1775704;63;0.0;21;47;47;0.0;47
2062;0;3350;1;-83;83;624;n/a;n/a;n/a;0.0;21;0.0;0.0;0.0;0.52;0.078;0.0;0.0;0.0;0.0;0.0;0.0;0.0;0.0;0.0;11;847852;1775704;63;25;21;0.0;0.0;50;0.0
2081;0;3350;1;-83;83;625;n/a;n/a;n/a;0.0;21;0.0;0.0;0.0;0.52;0.078;0.0;0.0;0.0;0.0;0.0;0.0;0.0;0.0;0.0;11;847852;1775704;63;0.0;21;0.0;0.0;0.0;0.0
2100;0;3350;1;-83;83;625;n/a;n/a;n/a;0.0;21;0.0;0.0;0.0;0.52;0.078;0.0;0.0;0.0;0.0;0.0;0.0;0.0;0.0;0.0;11;847852;1775704;63;13;21;0.0;0.0;0.0;0.0
2119;0;3350;1;-83;83;624;n/a;n/a;n/a;0.0;21;0.0;0.0;0.0;0.52;0.078;0.0;0.0;0.0;0.0;0.0;0.0;0.0;0.0;0.0;11;847852;1775704;63;12;21;50;50;50;50
2138;0;3350;1;-83;83;624;n/a;n/a;n/a;0.0;20;0.0;0.0;0.0;0.52;0.078;0.0;0.0;0.0;0.0;0.0;0.0;0.0;0.0;0.0;11;847852;1775704;63;12;21;0.0;0.0;0.0;0.0
2157;0;3350;1;-83;83;624;n/a;n/a;n/a;0.0;20;0.0;0.0;0.0;0.52;0.078;0.0;0.0;0.0;0.0;0.0;0.0;0.0;0.0;0.0;11;847852;1775704;63;0.0;21;0.0;0.0;0.0;0.0
2176;0;3350;1;-83;83;624;n/a;n/a;n/a;0.0;21;0.0;0.0;0.0;0.52;0.078;0.0;0.0;0.0;0.0;0.0;0.0;0.0;0.0;0.0;11;847852;1775704;63;12;21;50;0.0;0.0;0.0
2195;0;3350;1;-83;83;624;n/a;n/a;n/a;0.0;20;0.0;0.0;0.0;0.52;0.078;0.0;0.0;0.0;0.0;0.0;0.0;0.0;0.0;0.0;11;847852;1775704;63;12;21;0.0;50;50;50
2214;0;3350;1;-83;83;623;n/a;n/a;n/a;0.0;19;0.0;0.0;0.0;0.52;0.078;0.0;0.0;0.0;0.0;0.0;0.0;0.0;0.0;0.0;11;847852;1775704;63;12;21;0.0;0.0;0.0;0.0
2233;0;3350;1;-83;83;625;n/a;n/a;n/a;0.0;18;0.0;0.0;0.0;0.52;0.078;0.0;0.0;0.0;0.0;0.0;0.0;0.0;0.0;0.0;11;847852;1775704;63;0.0;21;50;0.0;0.0;0.0
2252;0;3350;1;-83;83;625;n/a;n/a;n/a;0.0;19;0.0;0.0;0.0;0.52;0.078;0.0;0.0;0.0;0.0;0.0;0.0;0.0;0.0;0.0;11;847852;1775704;63;25;21;0.0;50;0.0;0.0
2271;0;3350;1;-83;83;624;n/a;n/a;n/a;0.0;19;0.0;0.0;0.0;0.52;0.078;0.0;0.0;0.0;0.0;0.0;0.0;0.0;0.0;0.0;11;847852;1775704;63;12;21;0.0;0.0;50;50
2290;0;3350;1;-83;83;624;n/a;n/a;n/a;0.0;18;0.0;0.0;0.0;0.52;0.078;0.0;0.0;0.0;0.0;0.0;0.0;0.0;0.0;0.0;11;847852;1775704;63;0.0;21;0.0;0.0;0.0;0.0
2309;0;3350;1;-83;83;623;n/a;n/a;n/a;0.0;19;0.0;0.0;0.0;0.52;0.078;0.0;0.0;0.0;0.0;0.0;0.0;0.0;0.0;0.0;11;847852;1775704;63;12;21;50;0.0;0.0;0.0
2328;0;3350;1;-83;83;623;n/a;n/a;n/a;0.0;18;0.0;0.0;0.0;0.52;0.078;0.0;0.0;0.0;0.0;0.0;0.0;0.0;0.0;0.0;11;847852;1775704;63;12;21;0.0;50;0.0;0.0
2347;0;3350;1;-83;83;624;n/a;n/a;n/a;0.0;19;0.0;0.0;0.0;0.52;0.078;0.0;0.0;0.0;0.0;0.0;0.0;0.0;0.0;0.0;11;847852;1775704;63;0.0;21;0.0;0.0;50;50
2366;0;3350;1;-83;83;623;n/a;n/a;n/a;0.0;18;0.0;0.0;0.0;0.52;0.078;0.0;0.0;0.0;0.0;0.0;0.0;0.0;0.0;0.0;11;847852;1775704;63;25;21;50;0.0;0.0;0.0
2385;0;3350;1;-83;83;623;n/a;n/a;n/a;0.0;17;0.0;0.0;0.0;0.52;0.078;0.0;0.0;0.0;0.0;0.0;0.0;0.0;0.0;0.0;11;847852;1775704;63;13;21;0.0;0.0;0.0;0.0
2404;0;3350;1;-83;83;622;n/a;n/a;n/a;0.0;18;0.0;0.0;0.0;0.52;0.078;0.0;0.0;0.0;0.0;0.0;0.0;0.0;0.0;0.0;11;847852;1775704;63;0.0;21;0.0;50;0.0;50
2423;0;3350;1;-83;83;623;n/a;n/a;n/a;0.0;18;0.0;0.0;0.0;0.52;0.078;0.0;0.0;0.0;0.0;0.0;0.0;0.0;0.0;0.0;11;847852;1775704;63;12;21;0.0;0.0;50;0.0
2442;0;3350;1;-83;83;624;n/a;n/a;n/a;0.0;19;0.0;0.0;0.0;0.52;0.078;0.0;0.0;0.0;0.0;0.0;0.0;0.0;0.0;0.0;11;847852;1775704;63;13;21;47;0.0;0.0;0.0
2461;0;3350;1;-83;83;624;n/a;n/a;n/a;0.0;19;0.0;0.0;0.0;0.52;0.078;0.0;0.0;0.0;0.0;0.0;0.0;0.0;0.0;0.0;11;847852;1775704;63;12;21;0.0;50;0.0;0.0
#eof
