time;cc;earfcn;pci;rsrp;pl;cfo;pci_neigh;rsrp_neigh;cfo_neigh;dl_mcs;dl_snr;dl_turbo;dl_brate;dl_bler;ul_ta;distance_km;speed_kmph;ul_mcs;ul_buff;ul_brate;ul_bler;rf_o;rf_u;rf_l;is_attached;proc_rmem;proc_rmem_kB;proc_vmem_kB;sys_mem;sys_load;thread_count;cpu_0;cpu_1;cpu_2;cpu_3
19;0;4294967295;0;0.0;0.0;0.0;n/a;n/a;n/a;0.0;0.0;0.0;0.0;0.0;0.0;0.0;0.0;0.0;0.0;0.0;0.0;0.0;0.0;0.0;0.0;10;821592;1439828;62;0.0;21;0.0;0.0;0.0;0.0
38;0;4294967295;0;0.0;0.0;0.0;n/a;n/a;n/a;0.0;0.0;0.0;0.0;0.0;0.0;0.0;0.0;0.0;0.0;0.0;0.0;0.0;0.0;0.0;0.0;10;821592;1439828;62;0.0;21;47;100;47;100
57;0;4294967295;0;0.0;0.0;0.0;n/a;n/a;n/a;0.0;0.0;0.0;0.0;0.0;0.0;0.0;0.0;0.0;0.0;0.0;0.0;0.0;0.0;0.0;0.0;10;821592;1439828;62;12;21;0.0;0.0;0.0;0.0
76;0;4294967295;0;0.0;0.0;0.0;n/a;n/a;n/a;0.0;0.0;0.0;0.0;0.0;0.0;0.0;0.0;0.0;0.0;0.0;0.0;0.0;0.0;0.0;0.0;10;821592;1439828;62;0.0;21;0.0;0.0;0.0;0.0
95;0;3350;0;0.0;0.0;0.0;n/a;n/a;n/a;0.0;0.0;0.0;0.0;0.0;0.0;0.0;0.0;0.0;0.0;0.0;0.0;0.0;0.0;0.0;0.0;10;821592;1570900;62;4.3;21;8.6;5.7;8.6;5.7
95;0;3350;1;0.0;0.0;0.0;n/a;n/a;n/a;0.0;0.0;0.0;0.0;0.0;0.0;0.0;0.0;0.0;0.0;0.0;0.0;0.0;0.0;0.0;0.0;11;835844;1505364;62;17;21;66;66;66;66
95;0;3350;1;0.0;0.0;0.0;n/a;n/a;n/a;0.0;0.0;0.0;0.0;0.0;0.0;0.0;0.0;0.0;0.0;0.0;0.0;0.0;0.0;0.0;0.0;0.0;0;0;0.0;0.0;0;0.0;0.0;0.0;0.0
114;0;3350;1;-82;82;569;n/a;n/a;n/a;0.0;21;0.0;0.0;0.0;0.0;0.0;0.0;0.0;0.0;0.0;0.0;0.0;0.0;0.0;0.0;11;835844;1570900;62;12;21;0.0;0.0;0.0;0.0
133;0;3350;1;-82;82;572;n/a;n/a;n/a;0.0;22;0.0;0.0;0.0;0.0;0.0;0.0;0.0;0.0;0.0;0.0;0.0;0.0;0.0;0.0;11;835844;1570900;62;0.0;21;0.0;0.0;0.0;0.0
152;0;3350;1;-82;82;573;n/a;n/a;n/a;15;23;1.0;45200.000000;0;0.0;0.0;0.0;0.0;0.0;0.0;0.0;0.0;0.0;0.0;0.0;11;835844;1570900;62;12;21;50;50;50;50
171;0;3350;1;-82;82;573;n/a;n/a;n/a;0.0;22;0.0;0.0;0.0;0.0;0.0;0.0;0.0;0.0;0.0;0.0;0.0;0.0;0.0;0.0;11;835844;1636436;62;13;21;0.0;0.0;0.0;0.0
190;0;3350;1;-82;82;573;n/a;n/a;n/a;7.0;23;1.0;16400.000000;0;0.0;0.0;0.0;0.0;6.0;0.0;0.0;0.0;0.0;0.0;0.0;11;835844;1701972;62;13;21;47;47;47;47
209;0;3350;1;-82;82;572;n/a;n/a;n/a;2.7;22;1.0;12800.000000;0;0.52;0.078;0.0;0.0;42;2800.000000;0;0.0;0.0;0.0;1.0;11;837688;1701972;62;12;21;100;50;50;50
228;0;3350;1;-82;82;572;n/a;n/a;n/a;0.0;21;0.0;0.0;0.0;0.52;0.078;0.0;0.0;42;0.0;0.0;0.0;0.0;0.0;1.0;11;837688;1701972;62;26;21;47;0.0;47;47
247;0;3350;1;-82;82;572;n/a;n/a;n/a;2.0;23;1.0;10000.000000;0;0.52;0.078;0.0;0.0;11;62800.000000;0;0.0;0.0;0.0;1.0;11;837688;1701972;62;0.0;21;50;50;50;50
266;0;3350;1;-82;82;571;n/a;n/a;n/a;0.0;23;1.0;2800.000000;0;1.6;0.23;9868.421875;0.0;11;0.0;0.0;0.0;0.0;0.0;1.0;11;837688;1701972;62;13;21;0.0;0.0;0.0;47
285;0;3350;1;-82;82;572;n/a;n/a;n/a;2.0;22;1.0;10000.000000;0;1.6;0.23;9868.421875;22;24;206800.000000;0;0.0;0.0;0.0;1.0;11;837688;1701972;62;12;21;50;50;0.0;0.0
304;0;3350;1;-82;82;572;n/a;n/a;n/a;18;24;1.0;51200.000000;0;1.6;0.23;9868.421875;22;34;206800.000000;0;0.0;0.0;0.0;1.0;11;847720;1775704;63;25;22;50;0.0;50;50
323;0;3350;1;-82;82;572;n/a;n/a;n/a;0.0;22;0.0;0.0;0.0;1.6;0.23;9868.421875;0.0;34;0.0;0.0;0.0;0.0;0.0;1.0;11;847720;1775704;63;12;22;50;100;50;100
342;0;3350;1;-82;82;572;n/a;n/a;n/a;0.0;22;1.0;5600.000000;0;1.6;0.23;9868.421875;22;0.0;206800.000000;0;0.0;0.0;0.0;1.0;11;847720;1775704;63;26;22;100;47;100;47
361;0;3350;1;-82;82;573;n/a;n/a;n/a;0.0;20;0.0;0.0;0.0;1.6;0.23;9868.421875;0.0;0.0;0.0;0.0;0.0;0.0;0.0;1.0;11;847720;1775704;63;12;22;50;100;100;100
380;0;3350;1;-81;81;571;n/a;n/a;n/a;0.0;14;0.0;0.0;0.0;1.6;0.23;9868.421875;0.0;0.0;0.0;0.0;0.0;0.0;0.0;1.0;11;847720;1775704;63;26;22;47;47;0.0;0.0
399;0;3350;1;-82;82;574;n/a;n/a;n/a;0.0;13;0.0;0.0;0.0;1.6;0.23;9868.421875;0.0;0.0;0.0;0.0;0.0;0.0;0.0;1.0;11;847720;1775704;63;0.0;22;50;0.0;0.0;50
418;0;3350;1;-81;81;573;n/a;n/a;n/a;0.0;11;0.0;0.0;0.0;1.6;0.23;9868.421875;0.0;0.0;0.0;0.0;0.0;0.0;0.0;1.0;11;847720;1775704;63;26;22;0.0;0.0;0.0;0.0
437;0;3350;1;-81;81;570;n/a;n/a;n/a;0.0;11;0.0;0.0;0.0;1.6;0.23;9868.421875;0.0;0.0;0.0;0.0;0.0;0.0;0.0;1.0;11;847720;1775704;63;0.0;22;0.0;50;0.0;50
456;0;3350;1;-81;81;571;n/a;n/a;n/a;0.0;10;0.0;0.0;0.0;1.6;0.23;9868.421875;0.0;0.0;0.0;0.0;0.0;0.0;0.0;1.0;11;847720;1775704;63;26;22;47;0.0;47;0.0
475;0;3350;1;-81;81;573;n/a;n/a;n/a;0.0;10;0.0;0.0;0.0;1.6;0.23;9868.421875;0.0;0.0;0.0;0.0;0.0;0.0;0.0;1.0;11;847720;1775704;63;13;22;0.0;0.0;0.0;47
494;0;3350;1;-81;81;571;n/a;n/a;n/a;4.0;11;1.0;31600.000000;0;1.6;0.23;9868.421875;0.0;2.0;0.0;0.0;0.0;0.0;0.0;1.0;11;847720;1775704;63;12;22;50;0.0;0.0;50
513;0;3350;1;-81;81;574;n/a;n/a;n/a;0.0;11;0.0;0.0;0.0;1.6;0.23;9868.421875;22;0.0;206800.000000;0;0.0;0.0;0.0;1.0;11;847720;1775704;63;26;22;0.0;47;0.0;0.0
532;0;3350;1;-81;81;576;n/a;n/a;n/a;0.0;11;0.0;0.0;0.0;1.6;0.23;9868.421875;0.0;0.0;0.0;0.0;0.0;0.0;0.0;1.0;11;847720;1775704;63;12;22;100;0.0;100;100
551;0;3350;1;-81;81;575;n/a;n/a;n/a;0.0;11;0.0;0.0;0.0;1.6;0.23;9868.421875;0.0;0.0;0.0;0.0;0.0;0.0;0.0;1.0;11;847720;1775704;63;13;22;0.0;0.0;0.0;47
570;0;3350;1;-81;81;576;n/a;n/a;n/a;0.0;11;0.0;0.0;0.0;1.6;0.23;9868.421875;0.0;0.0;0.0;0.0;0.0;0.0;0.0;1.0;11;847720;1775704;63;13;22;47;47;0.0;0.0
589;0;3350;1;-81;81;577;n/a;n/a;n/a;0.0;11;0.0;0.0;0.0;1.6;0.23;9868.421875;0.0;0.0;0.0;0.0;0.0;0.0;0.0;1.0;11;847720;1775704;63;13;22;0.0;0.0;0.0;47
608;0;3350;1;-82;82;577;n/a;n/a;n/a;0.0;13;0.0;0.0;0.0;1.6;0.23;9868.421875;0.0;0.0;0.0;0.0;0.0;0.0;0.0;1.0;11;847720;1775704;63;25;22;50;0.0;0.0;0.0
627;0;3350;1;-81;81;575;n/a;n/a;n/a;0.0;11;0.0;0.0;0.0;1.6;0.23;9868.421875;0.0;0.0;0.0;0.0;0.0;0.0;0.0;1.0;11;847852;1775704;63;13;21;0.0;0.0;47;47
646;0;3350;1;-81;81;576;n/a;n/a;n/a;0.0;10;0.0;0.0;0.0;1.6;0.23;9868.421875;0.0;0.0;0.0;0.0;0.0;0.0;0.0;1.0;11;847852;1775704;63;0.0;21;0.0;0.0;0.0;0.0
665;0;3350;1;-81;81;579;n/a;n/a;n/a;0.0;10;0.0;0.0;0.0;1.6;0.23;9868.421875;0.0;0.0;0.0;0.0;0.0;0.0;0.0;1.0;11;847852;1775704;63;13;21;47;47;0.0;47
684;0;3350;1;-81;81;575;n/a;n/a;n/a;0.0;11;0.0;0.0;0.0;1.6;0.23;9868.421875;0.0;0.0;0.0;0.0;0.0;0.0;0.0;1.0;11;847852;1775704;63;25;21;0.0;0.0;0.0;0.0
703;0;3350;1;-82;82;572;n/a;n/a;n/a;0.0;18;0.0;0.0;0.0;1.6;0.23;9868.421875;0.0;0.0;0.0;0.0;0.0;0.0;0.0;1.0;11;847852;1775704;63;0.0;21;47;0.0;47;47
722;0;3350;1;-82;82;574;n/a;n/a;n/a;0.0;21;0.0;0.0;0.0;1.6;0.23;9868.421875;0.0;0.0;0.0;0.0;0.0;0.0;0.0;1.0;11;847852;1775704;63;26;21;0.0;0.0;0.0;0.0
741;0;3350;1;-82;82;575;n/a;n/a;n/a;0.0;21;0.0;0.0;0.0;1.6;0.23;9868.421875;0.0;0.0;0.0;0.0;0.0;0.0;0.0;1.0;11;847852;1775704;63;0.0;21;0.0;0.0;0.0;0.0
760;0;3350;1;-82;82;574;n/a;n/a;n/a;0.0;17;0.0;0.0;0.0;1.6;0.23;9868.421875;0.0;0.0;0.0;0.0;0.0;0.0;0.0;1.0;11;847852;1775704;63;25;21;50;0.0;50;50
779;0;3350;1;-81;81;577;n/a;n/a;n/a;0.0;13;0.0;0.0;0.0;1.6;0.23;9868.421875;0.0;0.0;0.0;0.0;0.0;0.0;0.0;1.0;11;847852;1775704;63;0.0;21;0.0;0.0;0.0;0.0
798;0;3350;1;-80;80;575;n/a;n/a;n/a;0.0;11;0.0;0.0;0.0;1.6;0.23;9868.421875;0.0;0.0;0.0;0.0;0.0;0.0;0.0;1.0;11;847852;1775704;63;25;21;0.0;0.0;0.0;50
817;0;3350;1;-79;79;576;n/a;n/a;n/a;0.0;8.5;0.0;0.0;0.0;1.6;0.23;9868.421875;0.0;0.0;0.0;0.0;0.0;0.0;0.0;1.0;11;847852;1775704;63;12;21;50;50;50;50
836;0;3350;1;-79;79;581;n/a;n/a;n/a;0.0;7.9;0.0;0.0;0.0;1.6;0.23;9868.421875;0.0;0.0;0.0;0.0;0.0;0.0;0.0;1.0;11;847852;1775704;63;13;21;0.0;0.0;0.0;47
855;0;3350;1;-80;80;579;n/a;n/a;n/a;0.0;11;0.0;0.0;0.0;1.6;0.23;9868.421875;0.0;0.0;0.0;0.0;0.0;0.0;0.0;1.0;11;847852;1775704;63;25;21;50;0.0;0.0;0.0
874;0;3350;1;-82;82;577;n/a;n/a;n/a;0.0;19;0.0;0.0;0.0;1.6;0.23;9868.421875;0.0;0.0;0.0;0.0;0.0;0.0;0.0;1.0;11;847852;1775704;63;0.0;21;0.0;0.0;0.0;0.0
893;0;3350;1;-82;82;575;n/a;n/a;n/a;0.0;21;0.0;0.0;0.0;1.6;0.23;9868.421875;0.0;0.0;0.0;0.0;0.0;0.0;0.0;1.0;11;847852;1775704;63;25;21;50;0.0;0.0;50
912;0;3350;1;-82;82;576;n/a;n/a;n/a;0.0;21;0.0;0.0;0.0;1.6;0.23;9868.421875;0.0;0.0;0.0;0.0;0.0;0.0;0.0;1.0;11;847852;1775704;63;0.0;21;0.0;0.0;47;0.0
931;0;3350;1;-82;82;575;n/a;n/a;n/a;0.0;22;0.0;0.0;0.0;1.6;0.23;9868.421875;0.0;0.0;0.0;0.0;0.0;0.0;0.0;1.0;11;847852;1775704;63;12;21;50;0.0;0.0;0.0
950;0;3350;1;-82;82;574;n/a;n/a;n/a;0.0;22;0.0;0.0;0.0;1.6;0.23;9868.421875;0.0;0.0;0.0;0.0;0.0;0.0;0.0;1.0;11;847852;1775704;63;25;21;0.0;0.0;0.0;50
969;0;3350;1;-82;82;574;n/a;n/a;n/a;0.0;21;0.0;0.0;0.0;1.6;0.23;9868.421875;0.0;0.0;0.0;0.0;0.0;0.0;0.0;1.0;11;847852;1775704;63;0.0;21;0.0;47;47;0.0
988;0;3350;1;-82;82;576;n/a;n/a;n/a;0.0;18;0.0;0.0;0.0;1.6;0.23;9868.421875;0.0;0.0;0.0;0.0;0.0;0.0;0.0;1.0;11;847852;1775704;63;12;21;50;0.0;0.0;0.0
1007;0;3350;1;-82;82;574;n/a;n/a;n/a;0.0;16;0.0;0.0;0.0;1.6;0.23;9868.421875;0.0;0.0;0.0;0.0;0.0;0.0;0.0;1.0;11;847852;1775704;63;12;21;0.0;0.0;0.0;50
1026;0;3350;1;-81;81;574;n/a;n/a;n/a;0.0;11;0.0;0.0;0.0;1.6;0.23;9868.421875;0.0;0.0;0.0;0.0;0.0;0.0;0.0;1.0;11;847852;1775704;63;13;21;0.0;0.0;47;0.0
1045;0;3350;1;-80;80;567;n/a;n/a;n/a;0.0;9.8;0.0;0.0;0.0;1.6;0.23;9868.421875;0.0;0.0;0.0;0.0;0.0;0.0;0.0;1.0;11;847852;1775704;63;12;21;50;0.0;0.0;50
1064;0;3350;1;-80;80;578;n/a;n/a;n/a;0.0;9.6;0.0;0.0;0.0;1.6;0.23;9868.421875;0.0;0.0;0.0;0.0;0.0;0.0;0.0;1.0;11;847852;1775704;63;26;21;0.0;0.0;0.0;47
1083;0;3350;1;-80;80;579;n/a;n/a;n/a;0.0;8.5;0.0;0.0;0.0;1.6;0.23;9868.421875;0.0;0.0;0.0;0.0;0.0;0.0;0.0;1.0;11;847852;1775704;63;12;21;50;0.0;0.0;0.0
1102;0;3350;1;-79;79;582;n/a;n/a;n/a;0.0;7.8;0.0;0.0;0.0;1.6;0.23;9868.421875;0.0;0.0;0.0;0.0;0.0;0.0;0.0;1.0;11;847852;1775704;63;13;21;0.0;0.0;47;47
1121;0;3350;1;-80;80;573;n/a;n/a;n/a;0.0;8.5;0.0;0.0;0.0;1.6;0.23;9868.421875;0.0;0.0;0.0;0.0;0.0;0.0;0.0;1.0;11;847852;1775704;63;26;21;47;47;0.0;100
1140;0;3350;1;-80;80;581;n/a;n/a;n/a;0.0;8.9;0.0;0.0;0.0;1.6;0.23;9868.421875;0.0;0.0;0.0;0.0;0.0;0.0;0.0;1.0;11;847852;1775704;63;0.0;21;0.0;0.0;0.0;0.0
1159;0;3350;1;-80;80;570;n/a;n/a;n/a;0.0;8.7;0.0;0.0;0.0;1.6;0.23;9868.421875;0.0;0.0;0.0;0.0;0.0;0.0;0.0;1.0;11;847852;1775704;63;26;21;47;0.0;0.0;47
1178;0;3350;1;-79;79;561;n/a;n/a;n/a;0.0;7.8;0.0;0.0;0.0;1.6;0.23;9868.421875;0.0;0.0;0.0;0.0;0.0;0.0;0.0;1.0;11;847852;1775704;63;26;21;0.0;0.0;47;47
1197;0;3350;1;-79;79;575;n/a;n/a;n/a;0.0;7.7;0.0;0.0;0.0;1.6;0.23;9868.421875;0.0;0.0;0.0;0.0;0.0;0.0;0.0;1.0;11;847852;1775704;63;12;21;0.0;0.0;0.0;0.0
1216;0;3350;1;-79;79;582;n/a;n/a;n/a;0.0;8.1;0.0;0.0;0.0;1.6;0.23;9868.421875;0.0;0.0;0.0;0.0;0.0;0.0;0.0;1.0;11;847852;1775704;63;13;21;47;0.0;0.0;47
1235;0;3350;1;-80;80;582;n/a;n/a;n/a;0.0;8.9;0.0;0.0;0.0;1.6;0.23;9868.421875;0.0;0.0;0.0;0.0;0.0;0.0;0.0;1.0;11;847852;1775704;63;12;21;0.0;0.0;50;50
1254;0;3350;1;-81;81;579;n/a;n/a;n/a;0.0;11;0.0;0.0;0.0;1.6;0.23;9868.421875;0.0;0.0;0.0;0.0;0.0;0.0;0.0;1.0;11;847852;1775704;63;13;21;47;0.0;0.0;0.0
1273;0;3350;1;-82;82;576;n/a;n/a;n/a;0.0;13;0.0;0.0;0.0;1.6;0.23;9868.421875;0.0;0.0;0.0;0.0;0.0;0.0;0.0;1.0;11;847852;1775704;63;12;21;0.0;50;0.0;50
1292;0;3350;1;-81;81;574;n/a;n/a;n/a;0.0;11;0.0;0.0;0.0;1.6;0.23;9868.421875;0.0;0.0;0.0;0.0;0.0;0.0;0.0;1.0;11;847852;1775704;63;25;21;50;0.0;0.0;50
1311;0;3350;1;-81;81;572;n/a;n/a;n/a;0.0;13;0.0;0.0;0.0;1.6;0.23;9868.421875;0.0;0.0;0.0;0.0;0.0;0.0;0.0;1.0;11;847852;1775704;63;13;21;0.0;0.0;0.0;0.0
1330;0;3350;1;-81;81;572;n/a;n/a;n/a;0.0;13;0.0;0.0;0.0;1.6;0.23;9868.421875;0.0;0.0;0.0;0.0;0.0;0.0;0.0;1.0;11;847852;1775704;63;13;21;47;0.0;47;47
1349;0;3350;1;-81;81;579;n/a;n/a;n/a;0.0;12;0.0;0.0;0.0;1.6;0.23;9868.421875;0.0;0.0;0.0;0.0;0.0;0.0;0.0;1.0;11;847852;1775704;63;12;21;0.0;0.0;0.0;0.0
1368;0;3350;1;-81;81;576;n/a;n/a;n/a;0.0;9.7;0.0;0.0;0.0;1.6;0.23;9868.421875;0.0;0.0;0.0;0.0;0.0;0.0;0.0;1.0;11;847852;1775704;63;13;21;47;0.0;0.0;47
1387;0;3350;1;-81;81;574;n/a;n/a;n/a;0.0;9.5;0.0;0.0;0.0;1.6;0.23;9868.421875;0.0;0.0;0.0;0.0;0.0;0.0;0.0;1.0;11;847852;1775704;63;25;21;0.0;50;50;50
1406;0;3350;1;-80;80;577;n/a;n/a;n/a;0.0;8.8;0.0;0.0;0.0;1.6;0.23;9868.421875;0.0;0.0;0.0;0.0;0.0;0.0;0.0;1.0;11;847852;1775704;63;12;21;0.0;0.0;0.0;0.0
1425;0;3350;1;-80;80;579;n/a;n/a;n/a;0.0;8.8;0.0;0.0;0.0;1.6;0.23;9868.421875;0.0;0.0;0.0;0.0;0.0;0.0;0.0;1.0;11;847852;1775704;63;13;21;47;0.0;0.0;47
1444;0;3350;1;-81;81;571;n/a;n/a;n/a;0.0;10;0.0;0.0;0.0;1.6;0.23;9868.421875;0.0;0.0;0.0;0.0;0.0;0.0;0.0;1.0;11;847852;1775704;63;25;21;0.0;0.0;0.0;50
1463;0;3350;1;-82;82;571;n/a;n/a;n/a;0.0;15;0.0;0.0;0.0;1.6;0.23;9868.421875;0.0;0.0;0.0;0.0;0.0;0.0;0.0;1.0;11;847852;1775704;63;13;21;47;0.0;0.0;0.0
1482;0;3350;1;-82;82;574;n/a;n/a;n/a;0.0;17;0.0;0.0;0.0;1.6;0.23;9868.421875;0.0;0.0;0.0;0.0;0.0;0.0;0.0;1.0;11;847852;1775704;63;0.0;21;0.0;0.0;50;0.0
1501;0;3350;1;-82;82;573;n/a;n/a;n/a;0.0;16;0.0;0.0;0.0;1.6;0.23;9868.421875;0.0;0.0;0.0;0.0;0.0;0.0;0.0;1.0;11;847852;1775704;63;12;21;50;0.0;0.0;50
1520;0;3350;1;-82;82;575;n/a;n/a;n/a;0.0;18;0.0;0.0;0.0;1.6;0.23;9868.421875;0.0;0.0;0.0;0.0;0.0;0.0;0.0;1.0;11;847852;1775704;63;26;21;0.0;0.0;0.0;0.0
1539;0;3350;1;-81;81;575;n/a;n/a;n/a;0.0;12;0.0;0.0;0.0;1.6;0.23;9868.421875;0.0;0.0;0.0;0.0;0.0;0.0;0.0;1.0;11;847852;1775704;63;0.0;21;0.0;50;0.0;50
1558;0;3350;1;-82;82;577;n/a;n/a;n/a;0.0;12;0.0;0.0;0.0;1.6;0.23;9868.421875;0.0;0.0;0.0;0.0;0.0;0.0;0.0;1.0;11;847852;1775704;63;13;21;47;0.0;47;0.0
1577;0;3350;1;-81;81;579;n/a;n/a;n/a;0.0;12;0.0;0.0;0.0;1.6;0.23;9868.421875;0.0;31;0.0;0.0;0.0;0.0;0.0;1.0;11;847852;1775704;63;12;21;0.0;0.0;0.0;50
1596;0;3350;1;-81;81;576;n/a;n/a;n/a;2.0;12;1.0;10000.000000;0;1.6;0.23;9868.421875;22;2.0;206800.000000;0;0.0;0.0;0.0;1.0;11;847852;1775704;63;25;21;50;0.0;0.0;0.0
1615;0;3350;1;-81;81;577;n/a;n/a;n/a;0.0;11;0.0;0.0;0.0;1.6;0.23;9868.421875;22;0.0;206800.000000;0;0.0;0.0;0.0;1.0;11;847852;1775704;63;12;21;0.0;0.0;50;50
1634;0;3350;1;-81;81;577;n/a;n/a;n/a;0.0;11;0.0;0.0;0.0;1.6;0.23;9868.421875;0.0;0.0;0.0;0.0;0.0;0.0;0.0;1.0;11;847852;1775704;63;26;21;100;100;0.0;100
1653;0;3350;1;-81;81;571;n/a;n/a;n/a;0.0;11;0.0;0.0;0.0;1.6;0.23;9868.421875;0.0;0.0;0.0;0.0;0.0;0.0;0.0;0.0;11;847852;1775704;63;0.0;21;0.0;0.0;0.0;0.0
1672;0;3350;1;-81;81;576;n/a;n/a;n/a;0.0;12;0.0;0.0;0.0;1.6;0.23;9868.421875;0.0;0.0;0.0;0.0;0.0;0.0;0.0;0.0;11;847852;1775704;63;13;21;47;0.0;47;0.0
1691;0;3350;1;-81;81;575;n/a;n/a;n/a;0.0;16;0.0;0.0;0.0;1.6;0.23;9868.421875;0.0;0.0;0.0;0.0;0.0;0.0;0.0;0.0;11;847852;1775704;63;25;21;50;100;50;100
1710;0;3350;1;-82;82;574;n/a;n/a;n/a;0.0;21;0.0;0.0;0.0;1.6;0.23;9868.421875;0.0;0.0;0.0;0.0;0.0;0.0;0.0;0.0;11;847852;1775704;63;0.0;21;47;0.0;0.0;0.0
1729;0;3350;1;-82;82;574;n/a;n/a;n/a;0.0;22;0.0;0.0;0.0;1.6;0.23;9868.421875;0.0;0.0;0.0;0.0;0.0;0.0;0.0;0.0;11;847852;1775704;63;13;21;0.0;0.0;47;0.0
1748;0;3350;1;-82;82;574;n/a;n/a;n/a;0.0;20;0.0;0.0;0.0;1.6;0.23;9868.421875;0.0;0.0;0.0;0.0;0.0;0.0;0.0;0.0;11;847852;1775704;63;13;21;47;0.0;0.0;0.0
1767;0;3350;1;-81;81;579;n/a;n/a;n/a;0.0;13;0.0;0.0;0.0;1.6;0.23;9868.421875;0.0;0.0;0.0;0.0;0.0;0.0;0.0;0.0;11;847852;1775704;63;13;21;0.0;0.0;0.0;47
1786;0;3350;1;-80;80;580;n/a;n/a;n/a;0.0;10;0.0;0.0;0.0;1.6;0.23;9868.421875;0.0;0.0;0.0;0.0;0.0;0.0;0.0;0.0;11;847852;1775704;63;13;21;47;0.0;0.0;0.0
1805;0;3350;1;-81;81;578;n/a;n/a;n/a;0.0;10;0.0;0.0;0.0;1.6;0.23;9868.421875;0.0;0.0;0.0;0.0;0.0;0.0;0.0;0.0;11;847852;1775704;63;12;21;0.0;0.0;0.0;0.0
1824;0;3350;1;-81;81;572;n/a;n/a;n/a;0.0;11;0.0;0.0;0.0;1.6;0.23;9868.421875;0.0;0.0;0.0;0.0;0.0;0.0;0.0;0.0;11;847852;1775704;63;13;21;0.0;47;47;47
1843;0;3350;1;-81;81;572;n/a;n/a;n/a;0.0;11;0.0;0.0;0.0;1.6;0.23;9868.421875;0.0;0.0;0.0;0.0;0.0;0.0;0.0;0.0;11;847852;1775704;63;12;21;50;0.0;0.0;0.0
1862;0;3350;1;-81;81;571;n/a;n/a;n/a;0.0;11;0.0;0.0;0.0;1.6;0.23;9868.421875;0.0;0.0;0.0;0.0;0.0;0.0;0.0;0.0;11;847852;1775704;63;0.0;21;0.0;0.0;0.0;0.0
1881;0;3350;1;-81;81;574;n/a;n/a;n/a;0.0;10;0.0;0.0;0.0;1.6;0.23;9868.421875;0.0;0.0;0.0;0.0;0.0;0.0;0.0;0.0;11;847852;1775704;63;26;21;47;0.0;0.0;47
1900;0;3350;1;-81;81;575;n/a;n/a;n/a;0.0;11;0.0;0.0;0.0;1.6;0.23;9868.421875;0.0;0.0;0.0;0.0;0.0;0.0;0.0;0.0;11;847852;1775704;63;0.0;21;0.0;0.0;0.0;0.0
1919;0;3350;1;-82;82;572;n/a;n/a;n/a;0.0;12;0.0;0.0;0.0;1.6;0.23;9868.421875;0.0;0.0;0.0;0.0;0.0;0.0;0.0;0.0;11;847852;1775704;63;13;21;47;0.0;47;0.0
1938;0;3350;1;-81;81;575;n/a;n/a;n/a;0.0;12;0.0;0.0;0.0;1.6;0.23;9868.421875;0.0;0.0;0.0;0.0;0.0;0.0;0.0;0.0;11;847852;1775704;63;0.0;21;0.0;0.0;0.0;47
1957;0;3350;1;-81;81;575;n/a;n/a;n/a;0.0;11;0.0;0.0;0.0;1.6;0.23;9868.421875;0.0;0.0;0.0;0.0;0.0;0.0;0.0;0.0;11;847852;1775704;63;13;21;47;47;0.0;0.0
1976;0;3350;1;-82;82;577;n/a;n/a;n/a;0.0;16;0.0;0.0;0.0;1.6;0.23;9868.421875;0.0;0.0;0.0;0.0;0.0;0.0;0.0;0.0;11;847852;1775704;63;12;21;0.0;0.0;0.0;0.0
1995;0;3350;1;-82;82;575;n/a;n/a;n/a;0.0;23;0.0;0.0;0.0;1.6;0.23;9868.421875;0.0;0.0;0.0;0.0;0.0;0.0;0.0;0.0;11;847852;1775704;63;13;21;0.0;0.0;47;47
2014;0;3350;1;-82;82;574;n/a;n/a;n/a;0.0;19;0.0;0.0;0.0;1.6;0.23;9868.421875;0.0;0.0;0.0;0.0;0.0;0.0;0.0;0.0;11;847852;1775704;63;12;21;50;0.0;0.0;0.0
2033;0;3350;1;-81;81;572;n/a;n/a;n/a;0.0;13;0.0;0.0;0.0;1.6;0.23;9868.421875;0.0;0.0;0.0;0.0;0.0;0.0;0.0;0.0;11;847852;1775704;63;13;21;0.0;0.0;0.0;0.0
2052;0;3350;1;-81;81;568;n/a;n/a;n/a;0.0;11;0.0;0.0;0.0;1.6;0.23;9868.421875;0.0;0.0;0.0;0.0;0.0;0.0;0.0;0.0;11;847852;1775704;63;13;21;47;0.0;0.0;0.0
2071;0;3350;1;-81;81;575;n/a;n/a;n/a;0.0;12;0.0;0.0;0.0;1.6;0.23;9868.421875;0.0;0.0;0.0;0.0;0.0;0.0;0.0;0.0;11;847852;1775704;63;12;21;0.0;0.0;50;50
2090;0;3350;1;-82;82;570;n/a;n/a;n/a;0.0;13;0.0;0.0;0.0;1.6;0.23;9868.421875;0.0;0.0;0.0;0.0;0.0;0.0;0.0;0.0;11;847852;1775704;63;13;21;0.0;0.0;0.0;0.0
2109;0;3350;1;-81;81;574;n/a;n/a;n/a;0.0;12;0.0;0.0;0.0;1.6;0.23;9868.421875;0.0;0.0;0.0;0.0;0.0;0.0;0.0;0.0;11;847852;1775704;63;0.0;21;47;47;0.0;0.0
2128;0;3350;1;-80;80;578;n/a;n/a;n/a;0.0;9.8;0.0;0.0;0.0;1.6;0.23;9868.421875;0.0;0.0;0.0;0.0;0.0;0.0;0.0;0.0;11;847852;1775704;63;12;21;0.0;0.0;0.0;50
2147;0;3350;1;-80;80;578;n/a;n/a;n/a;0.0;9.4;0.0;0.0;0.0;1.6;0.23;9868.421875;0.0;0.0;0.0;0.0;0.0;0.0;0.0;0.0;11;847852;1775704;63;13;21;47;0.0;0.0;0.0
2166;0;3350;1;-80;80;580;n/a;n/a;n/a;0.0;9.5;0.0;0.0;0.0;1.6;0.23;9868.421875;0.0;0.0;0.0;0.0;0.0;0.0;0.0;0.0;11;847852;1775704;63;12;21;0.0;0.0;50;0.0
2185;0;3350;1;-81;81;577;n/a;n/a;n/a;0.0;12;0.0;0.0;0.0;1.6;0.23;9868.421875;0.0;0.0;0.0;0.0;0.0;0.0;0.0;0.0;11;847852;1775704;63;13;21;0.0;0.0;0.0;47
2204;0;3350;1;-82;82;579;n/a;n/a;n/a;0.0;14;0.0;0.0;0.0;1.6;0.23;9868.421875;0.0;0.0;0.0;0.0;0.0;0.0;0.0;0.0;11;847852;1775704;63;12;21;50;0.0;0.0;0.0
2223;0;3350;1;-81;81;578;n/a;n/a;n/a;0.0;11;0.0;0.0;0.0;1.6;0.23;9868.421875;0.0;0.0;0.0;0.0;0.0;0.0;0.0;0.0;11;847852;1775704;63;13;21;0.0;0.0;47;0.0
2242;0;3350;1;-81;81;577;n/a;n/a;n/a;0.0;11;0.0;0.0;0.0;1.6;0.23;9868.421875;0.0;0.0;0.0;0.0;0.0;0.0;0.0;0.0;11;847852;1775704;63;12;21;50;50;0.0;50
2261;0;3350;1;-81;81;577;n/a;n/a;n/a;0.0;10;0.0;0.0;0.0;1.6;0.23;9868.421875;0.0;0.0;0.0;0.0;0.0;0.0;0.0;0.0;11;847852;1775704;63;0.0;21;0.0;0.0;0.0;0.0
2280;0;3350;1;-81;81;574;n/a;n/a;n/a;0.0;12;0.0;0.0;0.0;1.6;0.23;9868.421875;0.0;0.0;0.0;0.0;0.0;0.0;0.0;0.0;11;847852;1775704;63;26;21;47;0.0;0.0;0.0
2299;0;3350;1;-81;81;576;n/a;n/a;n/a;0.0;10;0.0;0.0;0.0;1.6;0.23;9868.421875;0.0;0.0;0.0;0.0;0.0;0.0;0.0;0.0;11;847852;1775704;63;13;21;0.0;0.0;0.0;47
2318;0;3350;1;-80;80;586;n/a;n/a;n/a;0.0;8.8;0.0;0.0;0.0;1.6;0.23;9868.421875;0.0;0.0;0.0;0.0;0.0;0.0;0.0;0.0;11;847852;1775704;63;13;21;0.0;0.0;47;0.0
2337;0;3350;1;-81;81;578;n/a;n/a;n/a;0.0;10;0.0;0.0;0.0;1.6;0.23;9868.421875;0.0;0.0;0.0;0.0;0.0;0.0;0.0;0.0;11;847852;1775704;63;0.0;21;47;0.0;0.0;0.0
2356;0;3350;1;-81;81;576;n/a;n/a;n/a;0.0;11;0.0;0.0;0.0;1.6;0.23;9868.421875;0.0;0.0;0.0;0.0;0.0;0.0;0.0;0.0;11;847852;1775704;63;13;21;0.0;47;0.0;47
2375;0;3350;1;-81;81;581;n/a;n/a;n/a;0.0;10;0.0;0.0;0.0;1.6;0.23;9868.421875;0.0;0.0;0.0;0.0;0.0;0.0;0.0;0.0;11;847852;1775704;63;13;21;47;0.0;0.0;0.0
2394;0;3350;1;-81;81;578;n/a;n/a;n/a;0.0;9.9;0.0;0.0;0.0;1.6;0.23;9868.421875;0.0;0.0;0.0;0.0;0.0;0.0;0.0;0.0;11;847852;1775704;63;12;21;0.0;0.0;50;0.0
2413;0;3350;1;-80;80;573;n/a;n/a;n/a;0.0;9.7;0.0;0.0;0.0;1.6;0.23;9868.421875;0.0;0.0;0.0;0.0;0.0;0.0;0.0;0.0;11;847852;1775704;63;13;21;0.0;0.0;0.0;47
2432;0;3350;1;-80;80;574;n/a;n/a;n/a;0.0;9.6;0.0;0.0;0.0;1.6;0.23;9868.421875;0.0;0.0;0.0;0.0;0.0;0.0;0.0;0.0;11;847852;1775704;63;13;21;47;0.0;0.0;0.0
2451;0;3350;1;-81;81;576;n/a;n/a;n/a;0.0;11;0.0;0.0;0.0;1.6;0.23;9868.421875;0.0;0.0;0.0;0.0;0.0;0.0;0.0;0.0;11;847852;1775704;63;0.0;21;0.0;0.0;47;0.0
2471;0;3350;1;-81;81;581;n/a;n/a;n/a;0.0;11;0.0;0.0;0.0;1.6;0.23;9868.421875;0.0;0.0;0.0;0.0;0.0;0.0;0.0;0.0;11;847852;1775704;63;12;21;50;50;50;50
2490;0;3350;1;-81;81;582;n/a;n/a;n/a;0.0;9.9;0.0;0.0;0.0;1.6;0.23;9868.421875;0.0;0.0;0.0;0.0;0.0;0.0;0.0;0.0;11;847852;1775704;63;13;21;100;100;100;100
2509;0;3350;1;-80;80;580;n/a;n/a;n/a;0.0;9.7;0.0;0.0;0.0;1.6;0.23;9868.421875;0.0;0.0;0.0;0.0;0.0;0.0;0.0;0.0;11;847852;1775704;63;25;21;100;100;100;100
#eof
