time;cc;earfcn;pci;rsrp;pl;cfo;pci_neigh;rsrp_neigh;cfo_neigh;dl_mcs;dl_snr;dl_turbo;dl_brate;dl_bler;ul_ta;distance_km;speed_kmph;ul_mcs;ul_buff;ul_brate;ul_bler;rf_o;rf_u;rf_l;is_attached;proc_rmem;proc_rmem_kB;proc_vmem_kB;sys_mem;sys_load;thread_count;cpu_0;cpu_1;cpu_2;cpu_3
19;0;4294967295;0;0.0;0.0;0.0;n/a;n/a;n/a;0.0;0.0;0.0;0.0;0.0;0.0;0.0;0.0;0.0;0.0;0.0;0.0;0.0;0.0;0.0;0.0;10;821592;1439828;62;13;21;0.0;0.0;47;0.0
38;0;4294967295;0;0.0;0.0;0.0;n/a;n/a;n/a;0.0;0.0;0.0;0.0;0.0;0.0;0.0;0.0;0.0;0.0;0.0;0.0;0.0;0.0;0.0;0.0;10;821592;1439828;62;0.0;21;50;50;50;50
57;0;4294967295;0;0.0;0.0;0.0;n/a;n/a;n/a;0.0;0.0;0.0;0.0;0.0;0.0;0.0;0.0;0.0;0.0;0.0;0.0;0.0;0.0;0.0;0.0;10;821592;1439828;62;13;21;0.0;0.0;0.0;0.0
76;0;4294967295;0;0.0;0.0;0.0;n/a;n/a;n/a;0.0;0.0;0.0;0.0;0.0;0.0;0.0;0.0;0.0;0.0;0.0;0.0;0.0;0.0;0.0;0.0;10;821592;1439828;62;0.0;21;0.0;0.0;0.0;47
95;0;3350;0;0.0;0.0;0.0;n/a;n/a;n/a;0.0;0.0;0.0;0.0;0.0;0.0;0.0;0.0;0.0;0.0;0.0;0.0;0.0;0.0;0.0;0.0;10;824228;1505364;62;3.7;21;8.0;11;11;8.0
95;0;3350;1;0.0;0.0;0.0;n/a;n/a;n/a;0.0;0.0;0.0;0.0;0.0;0.0;0.0;0.0;0.0;0.0;0.0;0.0;0.0;0.0;0.0;0.0;11;835844;1505364;62;29;21;41;41;100;41
95;0;3350;1;0.0;0.0;0.0;n/a;n/a;n/a;0.0;0.0;0.0;0.0;0.0;0.0;0.0;0.0;0.0;0.0;0.0;0.0;0.0;0.0;0.0;0.0;0.0;0;0;0.0;0.0;0;0.0;0.0;0.0;0.0
99;0;3350;1;-82;82;446;n/a;n/a;n/a;0.0;19;0.0;0.0;0.0;0.0;0.0;0.0;0.0;0.0;0.0;0.0;0.0;0.0;0.0;0.0;0.0;0;0;0.0;0.0;0;0.0;0.0;0.0;0.0
118;0;3350;1;-82;82;532;n/a;n/a;n/a;0.0;20;0.0;0.0;0.0;0.0;0.0;0.0;0.0;0.0;0.0;0.0;0.0;0.0;0.0;0.0;11;835844;1570900;62;10;21;60;60;60;20
137;0;3350;1;-82;82;575;n/a;n/a;n/a;15;22;1.0;45200.000000;0;0.0;0.0;0.0;0.0;0.0;0.0;0.0;0.0;0.0;0.0;0.0;11;835844;1570900;62;0.0;21;0.0;47;0.0;47
156;0;3350;1;-82;82;581;n/a;n/a;n/a;0.0;23;0.0;0.0;0.0;0.0;0.0;0.0;0.0;0.0;0.0;0.0;0.0;0.0;0.0;0.0;11;835844;1636436;62;12;21;0.0;0.0;0.0;0.0
175;0;3350;1;-82;82;583;n/a;n/a;n/a;7.0;22;1.0;16400.000000;0;0.0;0.0;0.0;0.0;6.0;0.0;0.0;0.0;0.0;0.0;0.0;11;835844;1701972;62;26;21;47;47;47;47
194;0;3350;1;-82;82;583;n/a;n/a;n/a;2.7;22;1.0;12800.000000;0;0.52;0.078;0.0;0.0;42;2800.000000;0;0.0;0.0;0.0;1.0;11;837688;1701972;62;12;21;50;0.0;50;50
213;0;3350;1;-82;82;582;n/a;n/a;n/a;0.0;21;0.0;0.0;0.0;0.52;0.078;0.0;0.0;0.0;0.0;0;0.0;0.0;0.0;1.0;11;837688;1701972;62;12;21;50;100;50;50
232;0;3350;1;-82;82;582;n/a;n/a;n/a;1.5;21;1.0;12800.000000;0;1.6;0.23;9868.421875;22;0.0;62800.000000;0;0.0;0.0;0.0;1.0;11;837688;1701972;62;13;21;47;0.0;0.0;0.0
251;0;3350;1;-82;82;582;n/a;n/a;n/a;2.0;21;1.0;10000.000000;0;1.6;0.23;9868.421875;22;0.0;206800.000000;0;0.0;0.0;0.0;1.0;11;837688;1701972;62;13;21;0.0;0.0;0.0;47
270;0;3350;1;-82;82;583;n/a;n/a;n/a;18;22;1.0;51200.000000;0;1.6;0.23;9868.421875;0.0;34;206800.000000;0;0.0;0.0;0.0;1.0;11;847720;1775704;62;25;22;50;50;50;50
290;0;3350;1;-82;82;583;n/a;n/a;n/a;0.0;21;0.0;0.0;0.0;1.6;0.23;9868.421875;22;0.0;0.0;0;0.0;0.0;0.0;1.0;11;847720;1775704;62;12;22;50;100;100;50
309;0;3350;1;-82;82;583;n/a;n/a;n/a;2.0;21;1.0;7200.000000;0;1.6;0.23;9868.421875;0.0;0.0;206800.000000;0;0.0;0.0;0.0;1.0;11;847720;1775704;62;13;22;100;100;100;100
328;0;3350;1;-82;82;583;n/a;n/a;n/a;0.0;20;0.0;0.0;0.0;1.6;0.23;9868.421875;0.0;0.0;0.0;0.0;0.0;0.0;0.0;1.0;11;847720;1775704;62;26;22;47;47;47;47
347;0;3350;1;-82;82;581;n/a;n/a;n/a;0.0;16;0.0;0.0;0.0;1.6;0.23;9868.421875;0.0;0.0;0.0;0.0;0.0;0.0;0.0;1.0;11;847720;1775704;62;12;22;0.0;0.0;0.0;0.0
366;0;3350;1;-82;82;582;n/a;n/a;n/a;0.0;17;0.0;0.0;0.0;1.6;0.23;9868.421875;0.0;0.0;0.0;0.0;0.0;0.0;0.0;1.0;11;847720;1775704;62;0.0;22;47;0.0;0.0;0.0
385;0;3350;1;-82;82;582;n/a;n/a;n/a;0.0;20;0.0;0.0;0.0;1.6;0.23;9868.421875;0.0;0.0;0.0;0.0;0.0;0.0;0.0;1.0;11;847720;1775704;62;25;22;0.0;50;50;50
404;0;3350;1;-82;82;583;n/a;n/a;n/a;0.0;20;0.0;0.0;0.0;1.6;0.23;9868.421875;0.0;0.0;0.0;0.0;0.0;0.0;0.0;1.0;11;847720;1775704;62;0.0;22;0.0;0.0;0.0;0.0
423;0;3350;1;-82;82;583;n/a;n/a;n/a;0.0;20;0.0;0.0;0.0;1.6;0.23;9868.421875;0.0;0.0;0.0;0.0;0.0;0.0;0.0;1.0;11;847720;1775704;62;13;22;0.0;0.0;0.0;0.0
442;0;3350;1;-82;82;584;n/a;n/a;n/a;0.0;20;0.0;0.0;0.0;1.6;0.23;9868.421875;0.0;0.0;0.0;0.0;0.0;0.0;0.0;1.0;11;847720;1775704;62;12;22;50;50;0.0;50
461;0;3350;1;-82;82;583;n/a;n/a;n/a;12;21;1.0;29200.000000;0;1.6;0.23;9868.421875;0.0;2.0;0.0;0.0;0.0;0.0;0.0;1.0;11;847720;1775704;62;12;22;0.0;0.0;50;0.0
480;0;3350;1;-82;82;582;n/a;n/a;n/a;0.0;21;0.0;0.0;0.0;1.6;0.23;9868.421875;22;0.0;0.0;0;0.0;0.0;0.0;1.0;11;847720;1775704;62;13;22;0.0;0.0;0.0;47
499;0;3350;1;-82;82;581;n/a;n/a;n/a;0.0;18;0.0;0.0;0.0;1.6;0.23;9868.421875;0.0;0.0;206800.000000;0;0.0;0.0;0.0;1.0;11;847720;1775704;62;25;22;100;50;50;50
518;0;3350;1;-82;82;582;n/a;n/a;n/a;0.0;18;0.0;0.0;0.0;1.6;0.23;9868.421875;0.0;0.0;0.0;0.0;0.0;0.0;0.0;1.0;11;847720;1775704;62;13;22;0.0;47;47;0.0
537;0;3350;1;-82;82;582;n/a;n/a;n/a;0.0;20;0.0;0.0;0.0;1.6;0.23;9868.421875;0.0;0.0;0.0;0.0;0.0;0.0;0.0;1.0;11;847720;1775704;62;0.0;22;0.0;0.0;0.0;47
556;0;3350;1;-82;82;582;n/a;n/a;n/a;0.0;21;0.0;0.0;0.0;1.6;0.23;9868.421875;0.0;0.0;0.0;0.0;0.0;0.0;0.0;1.0;11;847720;1775704;62;13;22;0.0;0.0;0.0;0.0
575;0;3350;1;-82;82;582;n/a;n/a;n/a;0.0;22;0.0;0.0;0.0;1.6;0.23;9868.421875;0.0;0.0;0.0;0.0;0.0;0.0;0.0;1.0;11;847720;1775704;62;12;22;50;50;0.0;0.0
594;0;3350;1;-82;82;583;n/a;n/a;n/a;0.0;21;0.0;0.0;0.0;1.6;0.23;9868.421875;0.0;0.0;0.0;0.0;0.0;0.0;0.0;1.0;11;847720;1775704;62;0.0;22;0.0;0.0;50;50
613;0;3350;1;-82;82;583;n/a;n/a;n/a;0.0;21;0.0;0.0;0.0;1.6;0.23;9868.421875;0.0;0.0;0.0;0.0;0.0;0.0;0.0;1.0;11;847720;1775704;62;12;22;0.0;0.0;0.0;0.0
632;0;3350;1;-82;82;583;n/a;n/a;n/a;0.0;21;0.0;0.0;0.0;1.6;0.23;9868.421875;0.0;0.0;0.0;0.0;0.0;0.0;0.0;1.0;11;847720;1775704;62;26;22;0.0;47;0.0;0.0
651;0;3350;1;-82;82;583;n/a;n/a;n/a;0.0;22;0.0;0.0;0.0;1.6;0.23;9868.421875;0.0;0.0;0.0;0.0;0.0;0.0;0.0;1.0;11;847852;1775704;62;13;21;47;0.0;0.0;47
670;0;3350;1;-82;82;582;n/a;n/a;n/a;0.0;22;0.0;0.0;0.0;1.6;0.23;9868.421875;0.0;0.0;0.0;0.0;0.0;0.0;0.0;1.0;11;847852;1775704;62;0.0;21;0.0;0.0;0.0;0.0
689;0;3350;1;-82;82;582;n/a;n/a;n/a;0.0;21;0.0;0.0;0.0;1.6;0.23;9868.421875;0.0;0.0;0.0;0.0;0.0;0.0;0.0;1.0;11;847852;1775704;62;12;21;0.0;50;50;0.0
708;0;3350;1;-82;82;582;n/a;n/a;n/a;0.0;21;0.0;0.0;0.0;1.6;0.23;9868.421875;0.0;0.0;0.0;0.0;0.0;0.0;0.0;1.0;11;847852;1775704;62;13;21;0.0;0.0;0.0;47
727;0;3350;1;-82;82;582;n/a;n/a;n/a;0.0;21;0.0;0.0;0.0;1.6;0.23;9868.421875;0.0;0.0;0.0;0.0;0.0;0.0;0.0;1.0;11;847852;1775704;62;12;21;50;0.0;0.0;0.0
746;0;3350;1;-82;82;581;n/a;n/a;n/a;0.0;20;0.0;0.0;0.0;1.6;0.23;9868.421875;0.0;0.0;0.0;0.0;0.0;0.0;0.0;1.0;11;847852;1775704;62;12;21;0.0;0.0;0.0;0.0
765;0;3350;1;-82;82;581;n/a;n/a;n/a;0.0;20;0.0;0.0;0.0;1.6;0.23;9868.421875;0.0;0.0;0.0;0.0;0.0;0.0;0.0;1.0;11;847852;1775704;62;13;21;0.0;47;47;47
784;0;3350;1;-82;82;582;n/a;n/a;n/a;0.0;21;0.0;0.0;0.0;1.6;0.23;9868.421875;0.0;0.0;0.0;0.0;0.0;0.0;0.0;1.0;11;847852;1775704;62;13;21;47;0.0;0.0;0.0
803;0;3350;1;-82;82;582;n/a;n/a;n/a;0.0;21;0.0;0.0;0.0;1.6;0.23;9868.421875;0.0;0.0;0.0;0.0;0.0;0.0;0.0;1.0;11;847852;1775704;62;0.0;21;0.0;50;0.0;0.0
822;0;3350;1;-82;82;582;n/a;n/a;n/a;0.0;21;0.0;0.0;0.0;1.6;0.23;9868.421875;0.0;0.0;0.0;0.0;0.0;0.0;0.0;1.0;11;847852;1775704;62;26;21;0.0;0.0;0.0;47
841;0;3350;1;-82;82;582;n/a;n/a;n/a;0.0;21;0.0;0.0;0.0;1.6;0.23;9868.421875;0.0;0.0;0.0;0.0;0.0;0.0;0.0;1.0;11;847852;1775704;62;12;21;0.0;0.0;0.0;0.0
860;0;3350;1;-82;82;582;n/a;n/a;n/a;0.0;22;0.0;0.0;0.0;1.6;0.23;9868.421875;0.0;0.0;0.0;0.0;0.0;0.0;0.0;1.0;11;847852;1775704;62;12;21;50;50;50;50
879;0;3350;1;-82;82;583;n/a;n/a;n/a;0.0;21;0.0;0.0;0.0;1.6;0.23;9868.421875;0.0;0.0;0.0;0.0;0.0;0.0;0.0;1.0;11;847852;1775704;62;0.0;21;0.0;0.0;0.0;0.0
898;0;3350;1;-82;82;583;n/a;n/a;n/a;0.0;20;0.0;0.0;0.0;1.6;0.23;9868.421875;0.0;0.0;0.0;0.0;0.0;0.0;0.0;1.0;11;847852;1775704;62;26;21;0.0;0.0;0.0;0.0
917;0;3350;1;-82;82;582;n/a;n/a;n/a;0.0;22;0.0;0.0;0.0;1.6;0.23;9868.421875;0.0;0.0;0.0;0.0;0.0;0.0;0.0;1.0;11;847852;1775704;62;0.0;21;0.0;0.0;50;50
936;0;3350;1;-82;82;583;n/a;n/a;n/a;0.0;21;0.0;0.0;0.0;1.6;0.23;9868.421875;0.0;0.0;0.0;0.0;0.0;0.0;0.0;1.0;11;847852;1775704;62;25;21;50;50;0.0;0.0
955;0;3350;1;-82;82;583;n/a;n/a;n/a;0.0;20;0.0;0.0;0.0;1.6;0.23;9868.421875;0.0;0.0;0.0;0.0;0.0;0.0;0.0;1.0;11;847852;1775704;62;0.0;21;0.0;0.0;0.0;0.0
974;0;3350;1;-82;82;582;n/a;n/a;n/a;0.0;20;0.0;0.0;0.0;1.6;0.23;9868.421875;0.0;0.0;0.0;0.0;0.0;0.0;0.0;1.0;11;847852;1775704;62;12;21;0.0;0.0;0.0;50
993;0;3350;1;-82;82;582;n/a;n/a;n/a;0.0;19;0.0;0.0;0.0;1.6;0.23;9868.421875;0.0;0.0;0.0;0.0;0.0;0.0;0.0;1.0;11;847852;1775704;62;12;21;50;50;0.0;0.0
1012;0;3350;1;-82;82;582;n/a;n/a;n/a;0.0;18;0.0;0.0;0.0;1.6;0.23;9868.421875;0.0;0.0;0.0;0.0;0.0;0.0;0.0;1.0;11;847852;1775704;62;13;21;0.0;0.0;47;0.0
1031;0;3350;1;-82;82;581;n/a;n/a;n/a;0.0;18;0.0;0.0;0.0;1.6;0.23;9868.421875;0.0;0.0;0.0;0.0;0.0;0.0;0.0;1.0;11;847852;1775704;62;13;21;0.0;0.0;0.0;47
1050;0;3350;1;-82;82;582;n/a;n/a;n/a;0.0;20;0.0;0.0;0.0;1.6;0.23;9868.421875;0.0;0.0;0.0;0.0;0.0;0.0;0.0;1.0;11;847852;1775704;62;12;21;0.0;50;0.0;0.0
1069;0;3350;1;-82;82;582;n/a;n/a;n/a;0.0;20;0.0;0.0;0.0;1.6;0.23;9868.421875;0.0;0.0;0.0;0.0;0.0;0.0;0.0;1.0;11;847852;1775704;62;0.0;21;47;0.0;0.0;0.0
1088;0;3350;1;-82;82;582;n/a;n/a;n/a;0.0;20;0.0;0.0;0.0;1.6;0.23;9868.421875;0.0;0.0;0.0;0.0;0.0;0.0;0.0;1.0;11;847852;1775704;62;25;21;0.0;0.0;0.0;50
1107;0;3350;1;-82;82;583;n/a;n/a;n/a;0.0;20;0.0;0.0;0.0;1.6;0.23;9868.421875;0.0;0.0;0.0;0.0;0.0;0.0;0.0;1.0;11;847852;1775704;62;0.0;21;0.0;0.0;50;0.0
1126;0;3350;1;-82;82;582;n/a;n/a;n/a;0.0;21;0.0;0.0;0.0;1.6;0.23;9868.421875;0.0;0.0;0.0;0.0;0.0;0.0;0.0;1.0;11;847852;1775704;62;26;21;47;47;0.0;0.0
1145;0;3350;1;-82;82;582;n/a;n/a;n/a;0.0;20;0.0;0.0;0.0;1.6;0.23;9868.421875;0.0;0.0;0.0;0.0;0.0;0.0;0.0;1.0;11;847852;1775704;62;0.0;21;0.0;0.0;0.0;50
1164;0;3350;1;-82;82;582;n/a;n/a;n/a;0.0;17;0.0;0.0;0.0;1.6;0.23;9868.421875;0.0;0.0;0.0;0.0;0.0;0.0;0.0;1.0;11;847852;1775704;62;13;21;0.0;0.0;0.0;0.0
1183;0;3350;1;-82;82;582;n/a;n/a;n/a;0.0;19;0.0;0.0;0.0;1.6;0.23;9868.421875;0.0;0.0;0.0;0.0;0.0;0.0;0.0;1.0;11;847852;1775704;62;12;21;50;50;0.0;0.0
1202;0;3350;1;-82;82;583;n/a;n/a;n/a;0.0;18;0.0;0.0;0.0;1.6;0.23;9868.421875;0.0;0.0;0.0;0.0;0.0;0.0;0.0;1.0;11;847852;1775704;62;13;21;0.0;0.0;47;47
1221;0;3350;1;-82;82;583;n/a;n/a;n/a;0.0;19;0.0;0.0;0.0;1.6;0.23;9868.421875;0.0;0.0;0.0;0.0;0.0;0.0;0.0;1.0;11;847852;1775704;62;13;21;0.0;0.0;0.0;0.0
1240;0;3350;1;-82;82;582;n/a;n/a;n/a;0.0;22;0.0;0.0;0.0;1.6;0.23;9868.421875;0.0;0.0;0.0;0.0;0.0;0.0;0.0;1.0;11;847852;1775704;62;0.0;21;0.0;0.0;0.0;0.0
1259;0;3350;1;-82;82;584;n/a;n/a;n/a;0.0;22;0.0;0.0;0.0;1.6;0.23;9868.421875;0.0;0.0;0.0;0.0;0.0;0.0;0.0;1.0;11;847852;1775704;62;25;21;50;50;50;50
1278;0;3350;1;-82;82;583;n/a;n/a;n/a;0.0;23;0.0;0.0;0.0;1.6;0.23;9868.421875;0.0;0.0;0.0;0.0;0.0;0.0;0.0;1.0;11;847852;1775704;62;13;21;0.0;0.0;0.0;0.0
1297;0;3350;1;-82;82;581;n/a;n/a;n/a;0.0;22;0.0;0.0;0.0;1.6;0.23;9868.421875;0.0;0.0;0.0;0.0;0.0;0.0;0.0;1.0;11;847852;1775704;62;0.0;21;0.0;0.0;0.0;0.0
1316;0;3350;1;-82;82;582;n/a;n/a;n/a;0.0;20;0.0;0.0;0.0;1.6;0.23;9868.421875;0.0;0.0;0.0;0.0;0.0;0.0;0.0;1.0;11;847852;1775704;62;13;21;0.0;47;0.0;47
1335;0;3350;1;-82;82;583;n/a;n/a;n/a;0.0;21;0.0;0.0;0.0;1.6;0.23;9868.421875;0.0;0.0;0.0;0.0;0.0;0.0;0.0;1.0;11;847852;1775704;62;12;21;50;0.0;0.0;0.0
1354;0;3350;1;-82;82;583;n/a;n/a;n/a;0.0;21;0.0;0.0;0.0;1.6;0.23;9868.421875;0.0;0.0;0.0;0.0;0.0;0.0;0.0;1.0;11;847852;1775704;62;12;21;0.0;0.0;50;0.0
1373;0;3350;1;-82;82;583;n/a;n/a;n/a;0.0;21;0.0;0.0;0.0;1.6;0.23;9868.421875;0.0;0.0;0.0;0.0;0.0;0.0;0.0;1.0;11;847852;1775704;62;12;21;0.0;0.0;0.0;50
1392;0;3350;1;-82;82;583;n/a;n/a;n/a;0.0;21;0.0;0.0;0.0;1.6;0.23;9868.421875;0.0;0.0;0.0;0.0;0.0;0.0;0.0;1.0;11;847852;1775704;62;0.0;21;0.0;47;0.0;0.0
1411;0;3350;1;-82;82;583;n/a;n/a;n/a;0.0;21;0.0;0.0;0.0;1.6;0.23;9868.421875;0.0;0.0;0.0;0.0;0.0;0.0;0.0;1.0;11;847852;1775704;62;26;21;47;0.0;0.0;0.0
1430;0;3350;1;-82;82;583;n/a;n/a;n/a;0.0;21;0.0;0.0;0.0;1.6;0.23;9868.421875;0.0;0.0;0.0;0.0;0.0;0.0;0.0;1.0;11;847852;1775704;62;12;21;0.0;0.0;50;50
1449;0;3350;1;-82;82;583;n/a;n/a;n/a;0.0;21;0.0;0.0;0.0;1.6;0.23;9868.421875;0.0;0.0;0.0;0.0;0.0;0.0;0.0;1.0;11;847852;1775704;62;13;21;0.0;0.0;0.0;0.0
1468;0;3350;1;-82;82;583;n/a;n/a;n/a;0.0;20;0.0;0.0;0.0;1.6;0.23;9868.421875;0.0;0.0;0.0;0.0;0.0;0.0;0.0;1.0;11;847852;1775704;62;0.0;21;0.0;50;0.0;0.0
1487;0;3350;1;-82;82;582;n/a;n/a;n/a;0.0;19;0.0;0.0;0.0;1.6;0.23;9868.421875;0.0;0.0;0.0;0.0;0.0;0.0;0.0;1.0;11;847852;1775704;62;12;21;50;0.0;0.0;50
1506;0;3350;1;-82;82;583;n/a;n/a;n/a;0.0;21;0.0;0.0;0.0;1.6;0.23;9868.421875;0.0;0.0;0.0;0.0;0.0;0.0;0.0;1.0;11;847852;1775704;62;26;21;0.0;47;0.0;0.0
1525;0;3350;1;-82;82;583;n/a;n/a;n/a;0.0;18;0.0;0.0;0.0;1.6;0.23;9868.421875;0.0;0.0;0.0;0.0;0.0;0.0;0.0;1.0;11;847852;1775704;62;0.0;21;0.0;0.0;50;0.0
1544;0;3350;1;-82;82;583;n/a;n/a;n/a;0.0;18;0.0;0.0;0.0;1.6;0.23;9868.421875;0.0;0.0;0.0;0.0;0.0;0.0;0.0;1.0;11;847852;1775704;62;12;21;0.0;0.0;0.0;50
1563;0;3350;1;-82;82;583;n/a;n/a;n/a;0.0;18;0.0;0.0;0.0;1.6;0.23;9868.421875;0.0;0.0;0.0;0.0;0.0;0.0;0.0;1.0;11;847852;1775704;62;12;21;50;0.0;0.0;0.0
1582;0;3350;1;-82;82;582;n/a;n/a;n/a;0.0;18;0.0;0.0;0.0;1.6;0.23;9868.421875;0.0;0.0;0.0;0.0;0.0;0.0;0.0;1.0;11;847852;1775704;62;12;21;0.0;50;0.0;50
1601;0;3350;1;-82;82;582;n/a;n/a;n/a;0.0;20;0.0;0.0;0.0;1.6;0.23;9868.421875;22;0.0;0.0;0;0.0;0.0;0.0;1.0;11;847852;1775704;62;13;21;0.0;0.0;47;0.0
1620;0;3350;1;-82;82;584;n/a;n/a;n/a;2.0;20;1.0;10000.000000;0;1.6;0.23;9868.421875;22;0.0;206800.000000;0;0.0;0.0;0.0;1.0;11;847852;1775704;62;12;21;0.0;0.0;0.0;0.0
1639;0;3350;1;-82;82;582;n/a;n/a;n/a;0.0;19;0.0;0.0;0.0;1.6;0.23;9868.421875;0.0;0.0;206800.000000;0;0.0;0.0;0.0;1.0;11;847852;1775704;62;13;21;47;47;47;47
1658;0;3350;1;-82;82;582;n/a;n/a;n/a;0.0;20;0.0;0.0;0.0;1.6;0.23;9868.421875;0.0;0.0;0.0;0.0;0.0;0.0;0.0;1.0;11;847852;1775704;62;13;21;47;47;0.0;47
1677;0;3350;1;-82;82;579;n/a;n/a;n/a;0.0;18;0.0;0.0;0.0;1.6;0.23;9868.421875;0.0;0.0;0.0;0.0;0.0;0.0;0.0;0.0;11;847852;1775704;62;12;21;50;50;0.0;50
1696;0;3350;1;-82;82;582;n/a;n/a;n/a;0.0;16;0.0;0.0;0.0;1.6;0.23;9868.421875;0.0;0.0;0.0;0.0;0.0;0.0;0.0;0.0;11;847852;1775704;62;13;21;0.0;0.0;0.0;0.0
1715;0;3350;1;-82;82;587;n/a;n/a;n/a;0.0;18;0.0;0.0;0.0;1.6;0.23;9868.421875;0.0;0.0;0.0;0.0;0.0;0.0;0.0;0.0;11;847852;1775704;62;12;21;100;50;100;50
1734;0;3350;1;-82;82;582;n/a;n/a;n/a;0.0;18;0.0;0.0;0.0;1.6;0.23;9868.421875;0.0;0.0;0.0;0.0;0.0;0.0;0.0;0.0;11;847852;1775704;62;13;21;0.0;47;0.0;0.0
1753;0;3350;1;-82;82;584;n/a;n/a;n/a;0.0;15;0.0;0.0;0.0;1.6;0.23;9868.421875;0.0;0.0;0.0;0.0;0.0;0.0;0.0;0.0;11;847852;1775704;62;12;21;50;0.0;0.0;50
1772;0;3350;1;-82;82;582;n/a;n/a;n/a;0.0;14;0.0;0.0;0.0;1.6;0.23;9868.421875;0.0;0.0;0.0;0.0;0.0;0.0;0.0;0.0;11;847852;1775704;62;0.0;21;0.0;0.0;0.0;0.0
1791;0;3350;1;-82;82;583;n/a;n/a;n/a;0.0;16;0.0;0.0;0.0;1.6;0.23;9868.421875;0.0;0.0;0.0;0.0;0.0;0.0;0.0;0.0;11;847852;1775704;62;26;21;0.0;47;0.0;0.0
1810;0;3350;1;-82;82;582;n/a;n/a;n/a;0.0;17;0.0;0.0;0.0;1.6;0.23;9868.421875;0.0;0.0;0.0;0.0;0.0;0.0;0.0;0.0;11;847852;1775704;62;0.0;21;50;0.0;0.0;0.0
1829;0;3350;1;-82;82;583;n/a;n/a;n/a;0.0;18;0.0;0.0;0.0;1.6;0.23;9868.421875;0.0;0.0;0.0;0.0;0.0;0.0;0.0;0.0;11;847852;1775704;62;13;21;0.0;0.0;0.0;47
1848;0;3350;1;-82;82;583;n/a;n/a;n/a;0.0;20;0.0;0.0;0.0;1.6;0.23;9868.421875;0.0;0.0;0.0;0.0;0.0;0.0;0.0;0.0;11;847852;1775704;62;12;21;0.0;50;50;0.0
1867;0;3350;1;-82;82;586;n/a;n/a;n/a;0.0;19;0.0;0.0;0.0;1.6;0.23;9868.421875;0.0;0.0;0.0;0.0;0.0;0.0;0.0;0.0;11;847852;1775704;62;13;21;47;0.0;0.0;0.0
1886;0;3350;1;-82;82;582;n/a;n/a;n/a;0.0;18;0.0;0.0;0.0;1.6;0.23;9868.421875;0.0;0.0;0.0;0.0;0.0;0.0;0.0;0.0;11;847852;1775704;62;0.0;21;0.0;0.0;0.0;0.0
1905;0;3350;1;-82;82;582;n/a;n/a;n/a;0.0;18;0.0;0.0;0.0;1.6;0.23;9868.421875;0.0;0.0;0.0;0.0;0.0;0.0;0.0;0.0;11;847852;1775704;62;25;21;0.0;0.0;0.0;50
1924;0;3350;1;-82;82;582;n/a;n/a;n/a;0.0;16;0.0;0.0;0.0;1.6;0.23;9868.421875;0.0;0.0;0.0;0.0;0.0;0.0;0.0;0.0;11;847852;1775704;62;0.0;21;47;47;0.0;0.0
1943;0;3350;1;-82;82;585;n/a;n/a;n/a;0.0;17;0.0;0.0;0.0;1.6;0.23;9868.421875;0.0;0.0;0.0;0.0;0.0;0.0;0.0;0.0;11;847852;1775704;62;13;21;0.0;0.0;0.0;0.0
1962;0;3350;1;-82;82;587;n/a;n/a;n/a;0.0;18;0.0;0.0;0.0;1.6;0.23;9868.421875;0.0;0.0;0.0;0.0;0.0;0.0;0.0;0.0;11;847852;1775704;62;12;21;50;0.0;0.0;0.0
1981;0;3350;1;-82;82;584;n/a;n/a;n/a;0.0;16;0.0;0.0;0.0;1.6;0.23;9868.421875;0.0;0.0;0.0;0.0;0.0;0.0;0.0;0.0;11;847852;1775704;62;0.0;21;0.0;0.0;0.0;47
2000;0;3350;1;-82;82;581;n/a;n/a;n/a;0.0;15;0.0;0.0;0.0;1.6;0.23;9868.421875;0.0;0.0;0.0;0.0;0.0;0.0;0.0;0.0;11;847852;1775704;62;12;21;0.0;50;0.0;0.0
2019;0;3350;1;-82;82;582;n/a;n/a;n/a;0.0;15;0.0;0.0;0.0;1.6;0.23;9868.421875;0.0;0.0;0.0;0.0;0.0;0.0;0.0;0.0;11;847852;1775704;62;26;21;47;0.0;47;0.0
2038;0;3350;1;-82;82;583;n/a;n/a;n/a;0.0;15;0.0;0.0;0.0;1.6;0.23;9868.421875;0.0;0.0;0.0;0.0;0.0;0.0;0.0;0.0;11;847852;1775704;62;0.0;21;0.0;0.0;0.0;0.0
2057;0;3350;1;-81;81;585;n/a;n/a;n/a;0.0;16;0.0;0.0;0.0;1.6;0.23;9868.421875;0.0;0.0;0.0;0.0;0.0;0.0;0.0;0.0;11;847852;1775704;62;13;21;47;0.0;0.0;47
2076;0;3350;1;-82;82;586;n/a;n/a;n/a;0.0;18;0.0;0.0;0.0;1.6;0.23;9868.421875;0.0;0.0;0.0;0.0;0.0;0.0;0.0;0.0;11;847852;1775704;62;13;21;0.0;47;0.0;0.0
2095;0;3350;1;-82;82;585;n/a;n/a;n/a;0.0;17;0.0;0.0;0.0;1.6;0.23;9868.421875;0.0;0.0;0.0;0.0;0.0;0.0;0.0;0.0;11;847852;1775704;62;12;21;0.0;0.0;0.0;0.0
2114;0;3350;1;-82;82;589;n/a;n/a;n/a;0.0;15;0.0;0.0;0.0;1.6;0.23;9868.421875;0.0;0.0;0.0;0.0;0.0;0.0;0.0;0.0;11;847852;1775704;62;0.0;21;47;0.0;0.0;0.0
2133;0;3350;1;-81;81;593;n/a;n/a;n/a;0.0;10;0.0;0.0;0.0;1.6;0.23;9868.421875;0.0;0.0;0.0;0.0;0.0;0.0;0.0;0.0;11;847852;1775704;62;13;21;0.0;0.0;47;47
2152;0;3350;1;-80;80;588;n/a;n/a;n/a;0.0;9.9;0.0;0.0;0.0;1.6;0.23;9868.421875;0.0;0.0;0.0;0.0;0.0;0.0;0.0;0.0;11;847852;1775704;62;12;21;50;50;0.0;0.0
2171;0;3350;1;-81;81;585;n/a;n/a;n/a;0.0;13;0.0;0.0;0.0;1.6;0.23;9868.421875;0.0;0.0;0.0;0.0;0.0;0.0;0.0;0.0;11;847852;1775704;62;13;21;0.0;0.0;0.0;0.0
2190;0;3350;1;-81;81;580;n/a;n/a;n/a;0.0;14;0.0;0.0;0.0;1.6;0.23;9868.421875;0.0;0.0;0.0;0.0;0.0;0.0;0.0;0.0;11;847852;1775704;62;13;21;47;0.0;0.0;0.0
2209;0;3350;1;-82;82;586;n/a;n/a;n/a;0.0;14;0.0;0.0;0.0;1.6;0.23;9868.421875;0.0;0.0;0.0;0.0;0.0;0.0;0.0;0.0;11;847852;1775704;62;13;21;0.0;47;0.0;47
2228;0;3350;1;-82;82;585;n/a;n/a;n/a;0.0;17;0.0;0.0;0.0;1.6;0.23;9868.421875;0.0;0.0;0.0;0.0;0.0;0.0;0.0;0.0;11;847852;1775704;62;12;21;0.0;0.0;0.0;0.0
2247;0;3350;1;-80;80;583;n/a;n/a;n/a;0.0;11;0.0;0.0;0.0;1.6;0.23;9868.421875;0.0;0.0;0.0;0.0;0.0;0.0;0.0;0.0;11;847852;1775704;62;13;21;47;0.0;0.0;0.0
2266;0;3350;1;-80;80;590;n/a;n/a;n/a;0.0;9.6;0.0;0.0;0.0;1.6;0.23;9868.421875;0.0;0.0;0.0;0.0;0.0;0.0;0.0;0.0;11;847852;1775704;62;0.0;21;0.0;0.0;0.0;0.0
2285;0;3350;1;-81;81;588;n/a;n/a;n/a;0.0;12;0.0;0.0;0.0;1.6;0.23;9868.421875;0.0;0.0;0.0;0.0;0.0;0.0;0.0;0.0;11;847852;1775704;62;13;21;47;47;47;47
2304;0;3350;1;-81;81;588;n/a;n/a;n/a;0.0;12;0.0;0.0;0.0;1.6;0.23;9868.421875;0.0;0.0;0.0;0.0;0.0;0.0;0.0;0.0;11;847852;1775704;62;12;21;0.0;0.0;0.0;0.0
2323;0;3350;1;-82;82;585;n/a;n/a;n/a;0.0;16;0.0;0.0;0.0;1.6;0.23;9868.421875;0.0;0.0;0.0;0.0;0.0;0.0;0.0;0.0;11;847852;1775704;62;13;21;0.0;0.0;0.0;0.0
2342;0;3350;1;-82;82;586;n/a;n/a;n/a;0.0;18;0.0;0.0;0.0;1.6;0.23;9868.421875;0.0;0.0;0.0;0.0;0.0;0.0;0.0;0.0;11;847852;1775704;62;0.0;21;50;0.0;0.0;50
2361;0;3350;1;-82;82;585;n/a;n/a;n/a;0.0;18;0.0;0.0;0.0;1.6;0.23;9868.421875;0.0;0.0;0.0;0.0;0.0;0.0;0.0;0.0;11;847852;1775704;62;13;21;0.0;47;0.0;0.0
2380;0;3350;1;-82;82;586;n/a;n/a;n/a;0.0;18;0.0;0.0;0.0;1.6;0.23;9868.421875;0.0;0.0;0.0;0.0;0.0;0.0;0.0;0.0;11;847852;1775704;62;13;21;0.0;0.0;0.0;0.0
2399;0;3350;1;-82;82;587;n/a;n/a;n/a;0.0;18;0.0;0.0;0.0;1.6;0.23;9868.421875;0.0;0.0;0.0;0.0;0.0;0.0;0.0;0.0;11;847852;1775704;62;0.0;21;50;0.0;0.0;0.0
2418;0;3350;1;-82;82;587;n/a;n/a;n/a;0.0;19;0.0;0.0;0.0;1.6;0.23;9868.421875;0.0;0.0;0.0;0.0;0.0;0.0;0.0;0.0;11;847852;1775704;62;26;21;0.0;47;0.0;47
2437;0;3350;1;-82;82;585;n/a;n/a;n/a;0.0;19;0.0;0.0;0.0;1.6;0.23;9868.421875;0.0;0.0;0.0;0.0;0.0;0.0;0.0;0.0;11;847852;1775704;62;12;21;50;0.0;0.0;0.0
2456;0;3350;1;-82;82;587;n/a;n/a;n/a;0.0;18;0.0;0.0;0.0;1.6;0.23;9868.421875;0.0;0.0;0.0;0.0;0.0;0.0;0.0;0.0;11;847852;1775704;62;0.0;21;0.0;0.0;0.0;0.0
2475;0;3350;1;-82;82;587;n/a;n/a;n/a;0.0;19;0.0;0.0;0.0;1.6;0.23;9868.421875;0.0;0.0;0.0;0.0;0.0;0.0;0.0;0.0;11;847852;1775704;62;12;21;0.0;0.0;50;0.0
2494;0;3350;1;-82;82;586;n/a;n/a;n/a;0.0;18;0.0;0.0;0.0;1.6;0.23;9868.421875;0.0;0.0;0.0;0.0;0.0;0.0;0.0;0.0;11;847852;1775704;62;13;21;47;47;0.0;47
2513;0;3350;1;-82;82;586;n/a;n/a;n/a;0.0;19;0.0;0.0;0.0;1.6;0.23;9868.421875;0.0;0.0;0.0;0.0;0.0;0.0;0.0;0.0;11;847852;1775704;62;13;21;0.0;0.0;0.0;0.0
2532;0;3350;1;-82;82;586;n/a;n/a;n/a;0.0;19;0.0;0.0;0.0;1.6;0.23;9868.421875;0.0;0.0;0.0;0.0;0.0;0.0;0.0;0.0;11;847852;1775704;62;12;21;50;0.0;0.0;0.0
#eof
